1
3
10
25
61
114
340
723
1002
2203
5173
12140
24460
64363
144466
273117
604015
1272237
3226125
6722464
13362017
25267122
67025004
176457345
320031156
653034165
1544266350
2770452436
7545146544
17523763507
27030523056
65133124330
151231310435
225664410560
473640405174
1352735265223
2107013726320
4553740601751
16465622231726
25160646546133
52104161306617
153647311742621
340126326432617
442771205036005
1354060342152504
3315302055236272
5336332763435633
13501355300257515
21275207413511524
72407024150004724
167656054462717074
300170434437431154
433373332553217503
1525741763331760424
2350613307261177737
7531134440745353034
13063533412206115041
35113313560762532117
77003641404515475676
117113243350275444406
330752501726604325756
763162757665463664010
1734050762366044211324
3240705423240554464147
5014566564745327432756
