256-bit Pattern Analysis (2-bit groupings)
======================================================================

String 1:
Hex: 0000000000000000000000000000000000000000000000000000000000000001

2-bit patterns across 256 bits:
[ 0]   0-31 : 00 00 00 00 00 00 00 00 00 00 00 00 00 00 00 00
[ 1]  32-63 : 00 00 00 00 00 00 00 00 00 00 00 00 00 00 00 00
[ 2]  64-95 : 00 00 00 00 00 00 00 00 00 00 00 00 00 00 00 00
[ 3]  96-127: 00 00 00 00 00 00 00 00 00 00 00 00 00 00 00 00
[ 4] 128-159: 00 00 00 00 00 00 00 00 00 00 00 00 00 00 00 00
[ 5] 160-191: 00 00 00 00 00 00 00 00 00 00 00 00 00 00 00 00
[ 6] 192-223: 00 00 00 00 00 00 00 00 00 00 00 00 00 00 00 00
[ 7] 224-255: 00 00 00 00 00 00 00 00 00 00 00 00 00 00 00 01

Pattern analysis:
00: 127 occurrences ( 99.2%)
     Positions: [0, 1, 2, 3, 4, 5, 6, 7, 8, 9, 10, 11, 12, 13, 14, 15, 16, 17, 18, 19, 20, 21, 22, 23, 24, 25, 26, 27, 28, 29, 30, 31, 32, 33, 34, 35, 36, 37, 38, 39, 40, 41, 42, 43, 44, 45, 46, 47, 48, 49, 50, 51, 52, 53, 54, 55, 56, 57, 58, 59, 60, 61, 62, 63, 64, 65, 66, 67, 68, 69, 70, 71, 72, 73, 74, 75, 76, 77, 78, 79, 80, 81, 82, 83, 84, 85, 86, 87, 88, 89, 90, 91, 92, 93, 94, 95, 96, 97, 98, 99, 100, 101, 102, 103, 104, 105, 106, 107, 108, 109, 110, 111, 112, 113, 114, 115, 116, 117, 118, 119, 120, 121, 122, 123, 124, 125, 126]
01:   1 occurrences (  0.8%)
     Positions: [127]
10:   0 occurrences (  0.0%)
11:   0 occurrences (  0.0%)

----------------------------------------------------------------------

String 2:
Hex: 0000000000000000000000000000000000000000000000000000000000000003

2-bit patterns across 256 bits:
[ 0]   0-31 : 00 00 00 00 00 00 00 00 00 00 00 00 00 00 00 00
[ 1]  32-63 : 00 00 00 00 00 00 00 00 00 00 00 00 00 00 00 00
[ 2]  64-95 : 00 00 00 00 00 00 00 00 00 00 00 00 00 00 00 00
[ 3]  96-127: 00 00 00 00 00 00 00 00 00 00 00 00 00 00 00 00
[ 4] 128-159: 00 00 00 00 00 00 00 00 00 00 00 00 00 00 00 00
[ 5] 160-191: 00 00 00 00 00 00 00 00 00 00 00 00 00 00 00 00
[ 6] 192-223: 00 00 00 00 00 00 00 00 00 00 00 00 00 00 00 00
[ 7] 224-255: 00 00 00 00 00 00 00 00 00 00 00 00 00 00 00 11

Pattern analysis:
00: 127 occurrences ( 99.2%)
     Positions: [0, 1, 2, 3, 4, 5, 6, 7, 8, 9, 10, 11, 12, 13, 14, 15, 16, 17, 18, 19, 20, 21, 22, 23, 24, 25, 26, 27, 28, 29, 30, 31, 32, 33, 34, 35, 36, 37, 38, 39, 40, 41, 42, 43, 44, 45, 46, 47, 48, 49, 50, 51, 52, 53, 54, 55, 56, 57, 58, 59, 60, 61, 62, 63, 64, 65, 66, 67, 68, 69, 70, 71, 72, 73, 74, 75, 76, 77, 78, 79, 80, 81, 82, 83, 84, 85, 86, 87, 88, 89, 90, 91, 92, 93, 94, 95, 96, 97, 98, 99, 100, 101, 102, 103, 104, 105, 106, 107, 108, 109, 110, 111, 112, 113, 114, 115, 116, 117, 118, 119, 120, 121, 122, 123, 124, 125, 126]
01:   0 occurrences (  0.0%)
10:   0 occurrences (  0.0%)
11:   1 occurrences (  0.8%)
     Positions: [127]

----------------------------------------------------------------------

String 3:
Hex: 0000000000000000000000000000000000000000000000000000000000000007

2-bit patterns across 256 bits:
[ 0]   0-31 : 00 00 00 00 00 00 00 00 00 00 00 00 00 00 00 00
[ 1]  32-63 : 00 00 00 00 00 00 00 00 00 00 00 00 00 00 00 00
[ 2]  64-95 : 00 00 00 00 00 00 00 00 00 00 00 00 00 00 00 00
[ 3]  96-127: 00 00 00 00 00 00 00 00 00 00 00 00 00 00 00 00
[ 4] 128-159: 00 00 00 00 00 00 00 00 00 00 00 00 00 00 00 00
[ 5] 160-191: 00 00 00 00 00 00 00 00 00 00 00 00 00 00 00 00
[ 6] 192-223: 00 00 00 00 00 00 00 00 00 00 00 00 00 00 00 00
[ 7] 224-255: 00 00 00 00 00 00 00 00 00 00 00 00 00 00 01 11

Pattern analysis:
00: 126 occurrences ( 98.4%)
     Positions: [0, 1, 2, 3, 4, 5, 6, 7, 8, 9, 10, 11, 12, 13, 14, 15, 16, 17, 18, 19, 20, 21, 22, 23, 24, 25, 26, 27, 28, 29, 30, 31, 32, 33, 34, 35, 36, 37, 38, 39, 40, 41, 42, 43, 44, 45, 46, 47, 48, 49, 50, 51, 52, 53, 54, 55, 56, 57, 58, 59, 60, 61, 62, 63, 64, 65, 66, 67, 68, 69, 70, 71, 72, 73, 74, 75, 76, 77, 78, 79, 80, 81, 82, 83, 84, 85, 86, 87, 88, 89, 90, 91, 92, 93, 94, 95, 96, 97, 98, 99, 100, 101, 102, 103, 104, 105, 106, 107, 108, 109, 110, 111, 112, 113, 114, 115, 116, 117, 118, 119, 120, 121, 122, 123, 124, 125]
01:   1 occurrences (  0.8%)
     Positions: [126]
10:   0 occurrences (  0.0%)
11:   1 occurrences (  0.8%)
     Positions: [127]

----------------------------------------------------------------------

String 4:
Hex: 0000000000000000000000000000000000000000000000000000000000000008

2-bit patterns across 256 bits:
[ 0]   0-31 : 00 00 00 00 00 00 00 00 00 00 00 00 00 00 00 00
[ 1]  32-63 : 00 00 00 00 00 00 00 00 00 00 00 00 00 00 00 00
[ 2]  64-95 : 00 00 00 00 00 00 00 00 00 00 00 00 00 00 00 00
[ 3]  96-127: 00 00 00 00 00 00 00 00 00 00 00 00 00 00 00 00
[ 4] 128-159: 00 00 00 00 00 00 00 00 00 00 00 00 00 00 00 00
[ 5] 160-191: 00 00 00 00 00 00 00 00 00 00 00 00 00 00 00 00
[ 6] 192-223: 00 00 00 00 00 00 00 00 00 00 00 00 00 00 00 00
[ 7] 224-255: 00 00 00 00 00 00 00 00 00 00 00 00 00 00 10 00

Pattern analysis:
00: 127 occurrences ( 99.2%)
     Positions: [0, 1, 2, 3, 4, 5, 6, 7, 8, 9, 10, 11, 12, 13, 14, 15, 16, 17, 18, 19, 20, 21, 22, 23, 24, 25, 26, 27, 28, 29, 30, 31, 32, 33, 34, 35, 36, 37, 38, 39, 40, 41, 42, 43, 44, 45, 46, 47, 48, 49, 50, 51, 52, 53, 54, 55, 56, 57, 58, 59, 60, 61, 62, 63, 64, 65, 66, 67, 68, 69, 70, 71, 72, 73, 74, 75, 76, 77, 78, 79, 80, 81, 82, 83, 84, 85, 86, 87, 88, 89, 90, 91, 92, 93, 94, 95, 96, 97, 98, 99, 100, 101, 102, 103, 104, 105, 106, 107, 108, 109, 110, 111, 112, 113, 114, 115, 116, 117, 118, 119, 120, 121, 122, 123, 124, 125, 127]
01:   0 occurrences (  0.0%)
10:   1 occurrences (  0.8%)
     Positions: [126]
11:   0 occurrences (  0.0%)

----------------------------------------------------------------------

String 5:
Hex: 0000000000000000000000000000000000000000000000000000000000000015

2-bit patterns across 256 bits:
[ 0]   0-31 : 00 00 00 00 00 00 00 00 00 00 00 00 00 00 00 00
[ 1]  32-63 : 00 00 00 00 00 00 00 00 00 00 00 00 00 00 00 00
[ 2]  64-95 : 00 00 00 00 00 00 00 00 00 00 00 00 00 00 00 00
[ 3]  96-127: 00 00 00 00 00 00 00 00 00 00 00 00 00 00 00 00
[ 4] 128-159: 00 00 00 00 00 00 00 00 00 00 00 00 00 00 00 00
[ 5] 160-191: 00 00 00 00 00 00 00 00 00 00 00 00 00 00 00 00
[ 6] 192-223: 00 00 00 00 00 00 00 00 00 00 00 00 00 00 00 00
[ 7] 224-255: 00 00 00 00 00 00 00 00 00 00 00 00 00 01 01 01

Pattern analysis:
00: 125 occurrences ( 97.7%)
     Positions: [0, 1, 2, 3, 4, 5, 6, 7, 8, 9, 10, 11, 12, 13, 14, 15, 16, 17, 18, 19, 20, 21, 22, 23, 24, 25, 26, 27, 28, 29, 30, 31, 32, 33, 34, 35, 36, 37, 38, 39, 40, 41, 42, 43, 44, 45, 46, 47, 48, 49, 50, 51, 52, 53, 54, 55, 56, 57, 58, 59, 60, 61, 62, 63, 64, 65, 66, 67, 68, 69, 70, 71, 72, 73, 74, 75, 76, 77, 78, 79, 80, 81, 82, 83, 84, 85, 86, 87, 88, 89, 90, 91, 92, 93, 94, 95, 96, 97, 98, 99, 100, 101, 102, 103, 104, 105, 106, 107, 108, 109, 110, 111, 112, 113, 114, 115, 116, 117, 118, 119, 120, 121, 122, 123, 124]
01:   3 occurrences (  2.3%)
     Positions: [125, 126, 127]
10:   0 occurrences (  0.0%)
11:   0 occurrences (  0.0%)

----------------------------------------------------------------------

String 6:
Hex: 0000000000000000000000000000000000000000000000000000000000000031

2-bit patterns across 256 bits:
[ 0]   0-31 : 00 00 00 00 00 00 00 00 00 00 00 00 00 00 00 00
[ 1]  32-63 : 00 00 00 00 00 00 00 00 00 00 00 00 00 00 00 00
[ 2]  64-95 : 00 00 00 00 00 00 00 00 00 00 00 00 00 00 00 00
[ 3]  96-127: 00 00 00 00 00 00 00 00 00 00 00 00 00 00 00 00
[ 4] 128-159: 00 00 00 00 00 00 00 00 00 00 00 00 00 00 00 00
[ 5] 160-191: 00 00 00 00 00 00 00 00 00 00 00 00 00 00 00 00
[ 6] 192-223: 00 00 00 00 00 00 00 00 00 00 00 00 00 00 00 00
[ 7] 224-255: 00 00 00 00 00 00 00 00 00 00 00 00 00 11 00 01

Pattern analysis:
00: 126 occurrences ( 98.4%)
     Positions: [0, 1, 2, 3, 4, 5, 6, 7, 8, 9, 10, 11, 12, 13, 14, 15, 16, 17, 18, 19, 20, 21, 22, 23, 24, 25, 26, 27, 28, 29, 30, 31, 32, 33, 34, 35, 36, 37, 38, 39, 40, 41, 42, 43, 44, 45, 46, 47, 48, 49, 50, 51, 52, 53, 54, 55, 56, 57, 58, 59, 60, 61, 62, 63, 64, 65, 66, 67, 68, 69, 70, 71, 72, 73, 74, 75, 76, 77, 78, 79, 80, 81, 82, 83, 84, 85, 86, 87, 88, 89, 90, 91, 92, 93, 94, 95, 96, 97, 98, 99, 100, 101, 102, 103, 104, 105, 106, 107, 108, 109, 110, 111, 112, 113, 114, 115, 116, 117, 118, 119, 120, 121, 122, 123, 124, 126]
01:   1 occurrences (  0.8%)
     Positions: [127]
10:   0 occurrences (  0.0%)
11:   1 occurrences (  0.8%)
     Positions: [125]

----------------------------------------------------------------------

String 7:
Hex: 000000000000000000000000000000000000000000000000000000000000004c

2-bit patterns across 256 bits:
[ 0]   0-31 : 00 00 00 00 00 00 00 00 00 00 00 00 00 00 00 00
[ 1]  32-63 : 00 00 00 00 00 00 00 00 00 00 00 00 00 00 00 00
[ 2]  64-95 : 00 00 00 00 00 00 00 00 00 00 00 00 00 00 00 00
[ 3]  96-127: 00 00 00 00 00 00 00 00 00 00 00 00 00 00 00 00
[ 4] 128-159: 00 00 00 00 00 00 00 00 00 00 00 00 00 00 00 00
[ 5] 160-191: 00 00 00 00 00 00 00 00 00 00 00 00 00 00 00 00
[ 6] 192-223: 00 00 00 00 00 00 00 00 00 00 00 00 00 00 00 00
[ 7] 224-255: 00 00 00 00 00 00 00 00 00 00 00 00 01 00 11 00

Pattern analysis:
00: 126 occurrences ( 98.4%)
     Positions: [0, 1, 2, 3, 4, 5, 6, 7, 8, 9, 10, 11, 12, 13, 14, 15, 16, 17, 18, 19, 20, 21, 22, 23, 24, 25, 26, 27, 28, 29, 30, 31, 32, 33, 34, 35, 36, 37, 38, 39, 40, 41, 42, 43, 44, 45, 46, 47, 48, 49, 50, 51, 52, 53, 54, 55, 56, 57, 58, 59, 60, 61, 62, 63, 64, 65, 66, 67, 68, 69, 70, 71, 72, 73, 74, 75, 76, 77, 78, 79, 80, 81, 82, 83, 84, 85, 86, 87, 88, 89, 90, 91, 92, 93, 94, 95, 96, 97, 98, 99, 100, 101, 102, 103, 104, 105, 106, 107, 108, 109, 110, 111, 112, 113, 114, 115, 116, 117, 118, 119, 120, 121, 122, 123, 125, 127]
01:   1 occurrences (  0.8%)
     Positions: [124]
10:   0 occurrences (  0.0%)
11:   1 occurrences (  0.8%)
     Positions: [126]

----------------------------------------------------------------------

String 8:
Hex: 00000000000000000000000000000000000000000000000000000000000000e0

2-bit patterns across 256 bits:
[ 0]   0-31 : 00 00 00 00 00 00 00 00 00 00 00 00 00 00 00 00
[ 1]  32-63 : 00 00 00 00 00 00 00 00 00 00 00 00 00 00 00 00
[ 2]  64-95 : 00 00 00 00 00 00 00 00 00 00 00 00 00 00 00 00
[ 3]  96-127: 00 00 00 00 00 00 00 00 00 00 00 00 00 00 00 00
[ 4] 128-159: 00 00 00 00 00 00 00 00 00 00 00 00 00 00 00 00
[ 5] 160-191: 00 00 00 00 00 00 00 00 00 00 00 00 00 00 00 00
[ 6] 192-223: 00 00 00 00 00 00 00 00 00 00 00 00 00 00 00 00
[ 7] 224-255: 00 00 00 00 00 00 00 00 00 00 00 00 11 10 00 00

Pattern analysis:
00: 126 occurrences ( 98.4%)
     Positions: [0, 1, 2, 3, 4, 5, 6, 7, 8, 9, 10, 11, 12, 13, 14, 15, 16, 17, 18, 19, 20, 21, 22, 23, 24, 25, 26, 27, 28, 29, 30, 31, 32, 33, 34, 35, 36, 37, 38, 39, 40, 41, 42, 43, 44, 45, 46, 47, 48, 49, 50, 51, 52, 53, 54, 55, 56, 57, 58, 59, 60, 61, 62, 63, 64, 65, 66, 67, 68, 69, 70, 71, 72, 73, 74, 75, 76, 77, 78, 79, 80, 81, 82, 83, 84, 85, 86, 87, 88, 89, 90, 91, 92, 93, 94, 95, 96, 97, 98, 99, 100, 101, 102, 103, 104, 105, 106, 107, 108, 109, 110, 111, 112, 113, 114, 115, 116, 117, 118, 119, 120, 121, 122, 123, 126, 127]
01:   0 occurrences (  0.0%)
10:   1 occurrences (  0.8%)
     Positions: [125]
11:   1 occurrences (  0.8%)
     Positions: [124]

----------------------------------------------------------------------

String 9:
Hex: 00000000000000000000000000000000000000000000000000000000000001d3

2-bit patterns across 256 bits:
[ 0]   0-31 : 00 00 00 00 00 00 00 00 00 00 00 00 00 00 00 00
[ 1]  32-63 : 00 00 00 00 00 00 00 00 00 00 00 00 00 00 00 00
[ 2]  64-95 : 00 00 00 00 00 00 00 00 00 00 00 00 00 00 00 00
[ 3]  96-127: 00 00 00 00 00 00 00 00 00 00 00 00 00 00 00 00
[ 4] 128-159: 00 00 00 00 00 00 00 00 00 00 00 00 00 00 00 00
[ 5] 160-191: 00 00 00 00 00 00 00 00 00 00 00 00 00 00 00 00
[ 6] 192-223: 00 00 00 00 00 00 00 00 00 00 00 00 00 00 00 00
[ 7] 224-255: 00 00 00 00 00 00 00 00 00 00 00 01 11 01 00 11

Pattern analysis:
00: 124 occurrences ( 96.9%)
     Positions: [0, 1, 2, 3, 4, 5, 6, 7, 8, 9, 10, 11, 12, 13, 14, 15, 16, 17, 18, 19, 20, 21, 22, 23, 24, 25, 26, 27, 28, 29, 30, 31, 32, 33, 34, 35, 36, 37, 38, 39, 40, 41, 42, 43, 44, 45, 46, 47, 48, 49, 50, 51, 52, 53, 54, 55, 56, 57, 58, 59, 60, 61, 62, 63, 64, 65, 66, 67, 68, 69, 70, 71, 72, 73, 74, 75, 76, 77, 78, 79, 80, 81, 82, 83, 84, 85, 86, 87, 88, 89, 90, 91, 92, 93, 94, 95, 96, 97, 98, 99, 100, 101, 102, 103, 104, 105, 106, 107, 108, 109, 110, 111, 112, 113, 114, 115, 116, 117, 118, 119, 120, 121, 122, 126]
01:   2 occurrences (  1.6%)
     Positions: [123, 125]
10:   0 occurrences (  0.0%)
11:   2 occurrences (  1.6%)
     Positions: [124, 127]

----------------------------------------------------------------------

String 10:
Hex: 0000000000000000000000000000000000000000000000000000000000000202

2-bit patterns across 256 bits:
[ 0]   0-31 : 00 00 00 00 00 00 00 00 00 00 00 00 00 00 00 00
[ 1]  32-63 : 00 00 00 00 00 00 00 00 00 00 00 00 00 00 00 00
[ 2]  64-95 : 00 00 00 00 00 00 00 00 00 00 00 00 00 00 00 00
[ 3]  96-127: 00 00 00 00 00 00 00 00 00 00 00 00 00 00 00 00
[ 4] 128-159: 00 00 00 00 00 00 00 00 00 00 00 00 00 00 00 00
[ 5] 160-191: 00 00 00 00 00 00 00 00 00 00 00 00 00 00 00 00
[ 6] 192-223: 00 00 00 00 00 00 00 00 00 00 00 00 00 00 00 00
[ 7] 224-255: 00 00 00 00 00 00 00 00 00 00 00 10 00 00 00 10

Pattern analysis:
00: 126 occurrences ( 98.4%)
     Positions: [0, 1, 2, 3, 4, 5, 6, 7, 8, 9, 10, 11, 12, 13, 14, 15, 16, 17, 18, 19, 20, 21, 22, 23, 24, 25, 26, 27, 28, 29, 30, 31, 32, 33, 34, 35, 36, 37, 38, 39, 40, 41, 42, 43, 44, 45, 46, 47, 48, 49, 50, 51, 52, 53, 54, 55, 56, 57, 58, 59, 60, 61, 62, 63, 64, 65, 66, 67, 68, 69, 70, 71, 72, 73, 74, 75, 76, 77, 78, 79, 80, 81, 82, 83, 84, 85, 86, 87, 88, 89, 90, 91, 92, 93, 94, 95, 96, 97, 98, 99, 100, 101, 102, 103, 104, 105, 106, 107, 108, 109, 110, 111, 112, 113, 114, 115, 116, 117, 118, 119, 120, 121, 122, 124, 125, 126]
01:   0 occurrences (  0.0%)
10:   2 occurrences (  1.6%)
     Positions: [123, 127]
11:   0 occurrences (  0.0%)

----------------------------------------------------------------------

String 11:
Hex: 0000000000000000000000000000000000000000000000000000000000000483

2-bit patterns across 256 bits:
[ 0]   0-31 : 00 00 00 00 00 00 00 00 00 00 00 00 00 00 00 00
[ 1]  32-63 : 00 00 00 00 00 00 00 00 00 00 00 00 00 00 00 00
[ 2]  64-95 : 00 00 00 00 00 00 00 00 00 00 00 00 00 00 00 00
[ 3]  96-127: 00 00 00 00 00 00 00 00 00 00 00 00 00 00 00 00
[ 4] 128-159: 00 00 00 00 00 00 00 00 00 00 00 00 00 00 00 00
[ 5] 160-191: 00 00 00 00 00 00 00 00 00 00 00 00 00 00 00 00
[ 6] 192-223: 00 00 00 00 00 00 00 00 00 00 00 00 00 00 00 00
[ 7] 224-255: 00 00 00 00 00 00 00 00 00 00 01 00 10 00 00 11

Pattern analysis:
00: 125 occurrences ( 97.7%)
     Positions: [0, 1, 2, 3, 4, 5, 6, 7, 8, 9, 10, 11, 12, 13, 14, 15, 16, 17, 18, 19, 20, 21, 22, 23, 24, 25, 26, 27, 28, 29, 30, 31, 32, 33, 34, 35, 36, 37, 38, 39, 40, 41, 42, 43, 44, 45, 46, 47, 48, 49, 50, 51, 52, 53, 54, 55, 56, 57, 58, 59, 60, 61, 62, 63, 64, 65, 66, 67, 68, 69, 70, 71, 72, 73, 74, 75, 76, 77, 78, 79, 80, 81, 82, 83, 84, 85, 86, 87, 88, 89, 90, 91, 92, 93, 94, 95, 96, 97, 98, 99, 100, 101, 102, 103, 104, 105, 106, 107, 108, 109, 110, 111, 112, 113, 114, 115, 116, 117, 118, 119, 120, 121, 123, 125, 126]
01:   1 occurrences (  0.8%)
     Positions: [122]
10:   1 occurrences (  0.8%)
     Positions: [124]
11:   1 occurrences (  0.8%)
     Positions: [127]

----------------------------------------------------------------------

String 12:
Hex: 0000000000000000000000000000000000000000000000000000000000000a7b

2-bit patterns across 256 bits:
[ 0]   0-31 : 00 00 00 00 00 00 00 00 00 00 00 00 00 00 00 00
[ 1]  32-63 : 00 00 00 00 00 00 00 00 00 00 00 00 00 00 00 00
[ 2]  64-95 : 00 00 00 00 00 00 00 00 00 00 00 00 00 00 00 00
[ 3]  96-127: 00 00 00 00 00 00 00 00 00 00 00 00 00 00 00 00
[ 4] 128-159: 00 00 00 00 00 00 00 00 00 00 00 00 00 00 00 00
[ 5] 160-191: 00 00 00 00 00 00 00 00 00 00 00 00 00 00 00 00
[ 6] 192-223: 00 00 00 00 00 00 00 00 00 00 00 00 00 00 00 00
[ 7] 224-255: 00 00 00 00 00 00 00 00 00 00 10 10 01 11 10 11

Pattern analysis:
00: 122 occurrences ( 95.3%)
     Positions: [0, 1, 2, 3, 4, 5, 6, 7, 8, 9, 10, 11, 12, 13, 14, 15, 16, 17, 18, 19, 20, 21, 22, 23, 24, 25, 26, 27, 28, 29, 30, 31, 32, 33, 34, 35, 36, 37, 38, 39, 40, 41, 42, 43, 44, 45, 46, 47, 48, 49, 50, 51, 52, 53, 54, 55, 56, 57, 58, 59, 60, 61, 62, 63, 64, 65, 66, 67, 68, 69, 70, 71, 72, 73, 74, 75, 76, 77, 78, 79, 80, 81, 82, 83, 84, 85, 86, 87, 88, 89, 90, 91, 92, 93, 94, 95, 96, 97, 98, 99, 100, 101, 102, 103, 104, 105, 106, 107, 108, 109, 110, 111, 112, 113, 114, 115, 116, 117, 118, 119, 120, 121]
01:   1 occurrences (  0.8%)
     Positions: [124]
10:   3 occurrences (  2.3%)
     Positions: [122, 123, 126]
11:   2 occurrences (  1.6%)
     Positions: [125, 127]

[ 0]   0-7  : 00000000
[ 1]   8-15 : 00000000
[ 2]  16-23 : 00000000
[ 3]  24-31 : 00000000
[ 4]  32-39 : 00000000
[ 5]  40-47 : 00000000
[ 6]  48-55 : 00000000
[ 7]  56-63 : 00000000

[ 8]  64-71 : 00000000
[ 9]  72-79 : 00000000
[10]  80-87 : 00000000
[11]  88-95 : 00000000
[12]  96-103: 00000000
[13] 104-111: 00000000
[14] 112-119: 00000000
[15] 120-127: 00000000

[16] 128-135: 00000000
[17] 136-143: 00000000
[18] 144-151: 00000000
[19] 152-159: 00000000
[20] 160-167: 00000000
[21] 168-175: 00000000
[22] 176-183: 00000000
[23] 184-191: 00000000

[24] 192-199: 00000000
[25] 200-207: 00000000
[26] 208-215: 00000000
[27] 216-223: 00000000
[28] 224-231: 00000000
[29] 232-239: 00000000
----------------------------------------------------------------------

String 13:
Hex: 0000000000000000000000000000000000000000000000000000000000001460

2-bit patterns across 256 bits:
[ 0]   0-31 : 00 00 00 00 00 00 00 00 00 00 00 00 00 00 00 00
[ 1]  32-63 : 00 00 00 00 00 00 00 00 00 00 00 00 00 00 00 00
[ 2]  64-95 : 00 00 00 00 00 00 00 00 00 00 00 00 00 00 00 00
[ 3]  96-127: 00 00 00 00 00 00 00 00 00 00 00 00 00 00 00 00
[ 4] 128-159: 00 00 00 00 00 00 00 00 00 00 00 00 00 00 00 00
[ 5] 160-191: 00 00 00 00 00 00 00 00 00 00 00 00 00 00 00 00
[ 6] 192-223: 00 00 00 00 00 00 00 00 00 00 00 00 00 00 00 00
[ 7] 224-255: 00 00 00 00 00 00 00 00 00 01 01 00 01 10 00 00

Pattern analysis:
00: 124 occurrences ( 96.9%)
     Positions: [0, 1, 2, 3, 4, 5, 6, 7, 8, 9, 10, 11, 12, 13, 14, 15, 16, 17, 18, 19, 20, 21, 22, 23, 24, 25, 26, 27, 28, 29, 30, 31, 32, 33, 34, 35, 36, 37, 38, 39, 40, 41, 42, 43, 44, 45, 46, 47, 48, 49, 50, 51, 52, 53, 54, 55, 56, 57, 58, 59, 60, 61, 62, 63, 64, 65, 66, 67, 68, 69, 70, 71, 72, 73, 74, 75, 76, 77, 78, 79, 80, 81, 82, 83, 84, 85, 86, 87, 88, 89, 90, 91, 92, 93, 94, 95, 96, 97, 98, 99, 100, 101, 102, 103, 104, 105, 106, 107, 108, 109, 110, 111, 112, 113, 114, 115, 116, 117, 118, 119, 120, 123, 126, 127]
01:   3 occurrences (  2.3%)
     Positions: [121, 122, 124]
10:   1 occurrences (  0.8%)
     Positions: [125]
11:   0 occurrences (  0.0%)

----------------------------------------------------------------------

String 14:
Hex: 0000000000000000000000000000000000000000000000000000000000002930

2-bit patterns across 256 bits:
[ 0]   0-31 : 00 00 00 00 00 00 00 00 00 00 00 00 00 00 00 00
[ 1]  32-63 : 00 00 00 00 00 00 00 00 00 00 00 00 00 00 00 00
[ 2]  64-95 : 00 00 00 00 00 00 00 00 00 00 00 00 00 00 00 00
[ 3]  96-127: 00 00 00 00 00 00 00 00 00 00 00 00 00 00 00 00
[ 4] 128-159: 00 00 00 00 00 00 00 00 00 00 00 00 00 00 00 00
[ 5] 160-191: 00 00 00 00 00 00 00 00 00 00 00 00 00 00 00 00
[ 6] 192-223: 00 00 00 00 00 00 00 00 00 00 00 00 00 00 00 00
[ 7] 224-255: 00 00 00 00 00 00 00 00 00 10 10 01 00 11 00 00

Pattern analysis:
00: 124 occurrences ( 96.9%)
     Positions: [0, 1, 2, 3, 4, 5, 6, 7, 8, 9, 10, 11, 12, 13, 14, 15, 16, 17, 18, 19, 20, 21, 22, 23, 24, 25, 26, 27, 28, 29, 30, 31, 32, 33, 34, 35, 36, 37, 38, 39, 40, 41, 42, 43, 44, 45, 46, 47, 48, 49, 50, 51, 52, 53, 54, 55, 56, 57, 58, 59, 60, 61, 62, 63, 64, 65, 66, 67, 68, 69, 70, 71, 72, 73, 74, 75, 76, 77, 78, 79, 80, 81, 82, 83, 84, 85, 86, 87, 88, 89, 90, 91, 92, 93, 94, 95, 96, 97, 98, 99, 100, 101, 102, 103, 104, 105, 106, 107, 108, 109, 110, 111, 112, 113, 114, 115, 116, 117, 118, 119, 120, 124, 126, 127]
01:   1 occurrences (  0.8%)
     Positions: [123]
10:   2 occurrences (  1.6%)
     Positions: [121, 122]
11:   1 occurrences (  0.8%)
     Positions: [125]

----------------------------------------------------------------------

String 15:
Hex: 00000000000000000000000000000000000000000000000000000000000068f3

2-bit patterns across 256 bits:
[ 0]   0-31 : 00 00 00 00 00 00 00 00 00 00 00 00 00 00 00 00
[ 1]  32-63 : 00 00 00 00 00 00 00 00 00 00 00 00 00 00 00 00
[ 2]  64-95 : 00 00 00 00 00 00 00 00 00 00 00 00 00 00 00 00
[ 3]  96-127: 00 00 00 00 00 00 00 00 00 00 00 00 00 00 00 00
[ 4] 128-159: 00 00 00 00 00 00 00 00 00 00 00 00 00 00 00 00
[ 5] 160-191: 00 00 00 00 00 00 00 00 00 00 00 00 00 00 00 00
[ 6] 192-223: 00 00 00 00 00 00 00 00 00 00 00 00 00 00 00 00
[ 7] 224-255: 00 00 00 00 00 00 00 00 01 10 10 00 11 11 00 11

Pattern analysis:
00: 122 occurrences ( 95.3%)
     Positions: [0, 1, 2, 3, 4, 5, 6, 7, 8, 9, 10, 11, 12, 13, 14, 15, 16, 17, 18, 19, 20, 21, 22, 23, 24, 25, 26, 27, 28, 29, 30, 31, 32, 33, 34, 35, 36, 37, 38, 39, 40, 41, 42, 43, 44, 45, 46, 47, 48, 49, 50, 51, 52, 53, 54, 55, 56, 57, 58, 59, 60, 61, 62, 63, 64, 65, 66, 67, 68, 69, 70, 71, 72, 73, 74, 75, 76, 77, 78, 79, 80, 81, 82, 83, 84, 85, 86, 87, 88, 89, 90, 91, 92, 93, 94, 95, 96, 97, 98, 99, 100, 101, 102, 103, 104, 105, 106, 107, 108, 109, 110, 111, 112, 113, 114, 115, 116, 117, 118, 119, 123, 126]
01:   1 occurrences (  0.8%)
     Positions: [120]
10:   2 occurrences (  1.6%)
     Positions: [121, 122]
11:   3 occurrences (  2.3%)
     Positions: [124, 125, 127]

----------------------------------------------------------------------

String 16:
Hex: 000000000000000000000000000000000000000000000000000000000000c936

2-bit patterns across 256 bits:
[ 0]   0-31 : 00 00 00 00 00 00 00 00 00 00 00 00 00 00 00 00
[ 1]  32-63 : 00 00 00 00 00 00 00 00 00 00 00 00 00 00 00 00
[ 2]  64-95 : 00 00 00 00 00 00 00 00 00 00 00 00 00 00 00 00
[ 3]  96-127: 00 00 00 00 00 00 00 00 00 00 00 00 00 00 00 00
[ 4] 128-159: 00 00 00 00 00 00 00 00 00 00 00 00 00 00 00 00
[ 5] 160-191: 00 00 00 00 00 00 00 00 00 00 00 00 00 00 00 00
[ 6] 192-223: 00 00 00 00 00 00 00 00 00 00 00 00 00 00 00 00
[ 7] 224-255: 00 00 00 00 00 00 00 00 11 00 10 01 00 11 01 10

Pattern analysis:
00: 122 occurrences ( 95.3%)
     Positions: [0, 1, 2, 3, 4, 5, 6, 7, 8, 9, 10, 11, 12, 13, 14, 15, 16, 17, 18, 19, 20, 21, 22, 23, 24, 25, 26, 27, 28, 29, 30, 31, 32, 33, 34, 35, 36, 37, 38, 39, 40, 41, 42, 43, 44, 45, 46, 47, 48, 49, 50, 51, 52, 53, 54, 55, 56, 57, 58, 59, 60, 61, 62, 63, 64, 65, 66, 67, 68, 69, 70, 71, 72, 73, 74, 75, 76, 77, 78, 79, 80, 81, 82, 83, 84, 85, 86, 87, 88, 89, 90, 91, 92, 93, 94, 95, 96, 97, 98, 99, 100, 101, 102, 103, 104, 105, 106, 107, 108, 109, 110, 111, 112, 113, 114, 115, 116, 117, 118, 119, 121, 124]
01:   2 occurrences (  1.6%)
     Positions: [123, 126]
10:   2 occurrences (  1.6%)
     Positions: [122, 127]
11:   2 occurrences (  1.6%)
     Positions: [120, 125]

----------------------------------------------------------------------

String 17:
Hex: 000000000000000000000000000000000000000000000000000000000001764f

2-bit patterns across 256 bits:
[ 0]   0-31 : 00 00 00 00 00 00 00 00 00 00 00 00 00 00 00 00
[ 1]  32-63 : 00 00 00 00 00 00 00 00 00 00 00 00 00 00 00 00
[ 2]  64-95 : 00 00 00 00 00 00 00 00 00 00 00 00 00 00 00 00
[ 3]  96-127: 00 00 00 00 00 00 00 00 00 00 00 00 00 00 00 00
[ 4] 128-159: 00 00 00 00 00 00 00 00 00 00 00 00 00 00 00 00
[ 5] 160-191: 00 00 00 00 00 00 00 00 00 00 00 00 00 00 00 00
[ 6] 192-223: 00 00 00 00 00 00 00 00 00 00 00 00 00 00 00 00
[ 7] 224-255: 00 00 00 00 00 00 00 01 01 11 01 10 01 00 11 11

Pattern analysis:
00: 120 occurrences ( 93.8%)
     Positions: [0, 1, 2, 3, 4, 5, 6, 7, 8, 9, 10, 11, 12, 13, 14, 15, 16, 17, 18, 19, 20, 21, 22, 23, 24, 25, 26, 27, 28, 29, 30, 31, 32, 33, 34, 35, 36, 37, 38, 39, 40, 41, 42, 43, 44, 45, 46, 47, 48, 49, 50, 51, 52, 53, 54, 55, 56, 57, 58, 59, 60, 61, 62, 63, 64, 65, 66, 67, 68, 69, 70, 71, 72, 73, 74, 75, 76, 77, 78, 79, 80, 81, 82, 83, 84, 85, 86, 87, 88, 89, 90, 91, 92, 93, 94, 95, 96, 97, 98, 99, 100, 101, 102, 103, 104, 105, 106, 107, 108, 109, 110, 111, 112, 113, 114, 115, 116, 117, 118, 125]
01:   4 occurrences (  3.1%)
     Positions: [119, 120, 122, 124]
10:   1 occurrences (  0.8%)
     Positions: [123]
11:   3 occurrences (  2.3%)
     Positions: [121, 126, 127]

----------------------------------------------------------------------

String 18:
Hex: 000000000000000000000000000000000000000000000000000000000003080d

2-bit patterns across 256 bits:
[ 0]   0-31 : 00 00 00 00 00 00 00 00 00 00 00 00 00 00 00 00
[ 1]  32-63 : 00 00 00 00 00 00 00 00 00 00 00 00 00 00 00 00
[ 2]  64-95 : 00 00 00 00 00 00 00 00 00 00 00 00 00 00 00 00
[ 3]  96-127: 00 00 00 00 00 00 00 00 00 00 00 00 00 00 00 00
[ 4] 128-159: 00 00 00 00 00 00 00 00 00 00 00 00 00 00 00 00
[ 5] 160-191: 00 00 00 00 00 00 00 00 00 00 00 00 00 00 00 00
[ 6] 192-223: 00 00 00 00 00 00 00 00 00 00 00 00 00 00 00 00
[ 7] 224-255: 00 00 00 00 00 00 00 11 00 00 10 00 00 00 11 01

Pattern analysis:
00: 124 occurrences ( 96.9%)
     Positions: [0, 1, 2, 3, 4, 5, 6, 7, 8, 9, 10, 11, 12, 13, 14, 15, 16, 17, 18, 19, 20, 21, 22, 23, 24, 25, 26, 27, 28, 29, 30, 31, 32, 33, 34, 35, 36, 37, 38, 39, 40, 41, 42, 43, 44, 45, 46, 47, 48, 49, 50, 51, 52, 53, 54, 55, 56, 57, 58, 59, 60, 61, 62, 63, 64, 65, 66, 67, 68, 69, 70, 71, 72, 73, 74, 75, 76, 77, 78, 79, 80, 81, 82, 83, 84, 85, 86, 87, 88, 89, 90, 91, 92, 93, 94, 95, 96, 97, 98, 99, 100, 101, 102, 103, 104, 105, 106, 107, 108, 109, 110, 111, 112, 113, 114, 115, 116, 117, 118, 120, 121, 123, 124, 125]
01:   1 occurrences (  0.8%)
     Positions: [127]
10:   1 occurrences (  0.8%)
     Positions: [122]
11:   2 occurrences (  1.6%)
     Positions: [119, 126]

----------------------------------------------------------------------

String 19:
Hex: 000000000000000000000000000000000000000000000000000000000005749f

2-bit patterns across 256 bits:
[ 0]   0-31 : 00 00 00 00 00 00 00 00 00 00 00 00 00 00 00 00
[ 1]  32-63 : 00 00 00 00 00 00 00 00 00 00 00 00 00 00 00 00
[ 2]  64-95 : 00 00 00 00 00 00 00 00 00 00 00 00 00 00 00 00
[ 3]  96-127: 00 00 00 00 00 00 00 00 00 00 00 00 00 00 00 00
[ 4] 128-159: 00 00 00 00 00 00 00 00 00 00 00 00 00 00 00 00
[ 5] 160-191: 00 00 00 00 00 00 00 00 00 00 00 00 00 00 00 00
[ 6] 192-223: 00 00 00 00 00 00 00 00 00 00 00 00 00 00 00 00
[ 7] 224-255: 00 00 00 00 00 00 01 01 01 11 01 00 10 01 11 11

Pattern analysis:
00: 119 occurrences ( 93.0%)
     Positions: [0, 1, 2, 3, 4, 5, 6, 7, 8, 9, 10, 11, 12, 13, 14, 15, 16, 17, 18, 19, 20, 21, 22, 23, 24, 25, 26, 27, 28, 29, 30, 31, 32, 33, 34, 35, 36, 37, 38, 39, 40, 41, 42, 43, 44, 45, 46, 47, 48, 49, 50, 51, 52, 53, 54, 55, 56, 57, 58, 59, 60, 61, 62, 63, 64, 65, 66, 67, 68, 69, 70, 71, 72, 73, 74, 75, 76, 77, 78, 79, 80, 81, 82, 83, 84, 85, 86, 87, 88, 89, 90, 91, 92, 93, 94, 95, 96, 97, 98, 99, 100, 101, 102, 103, 104, 105, 106, 107, 108, 109, 110, 111, 112, 113, 114, 115, 116, 117, 123]
01:   5 occurrences (  3.9%)
     Positions: [118, 119, 120, 122, 125]
10:   1 occurrences (  0.8%)
     Positions: [124]
11:   3 occurrences (  2.3%)
     Positions: [121, 126, 127]

----------------------------------------------------------------------

String 20:
Hex: 00000000000000000000000000000000000000000000000000000000000d2c55

2-bit patterns across 256 bits:
[ 0]   0-31 : 00 00 00 00 00 00 00 00 00 00 00 00 00 00 00 00
[ 1]  32-63 : 00 00 00 00 00 00 00 00 00 00 00 00 00 00 00 00
[ 2]  64-95 : 00 00 00 00 00 00 00 00 00 00 00 00 00 00 00 00
[ 3]  96-127: 00 00 00 00 00 00 00 00 00 00 00 00 00 00 00 00
[ 4] 128-159: 00 00 00 00 00 00 00 00 00 00 00 00 00 00 00 00
[ 5] 160-191: 00 00 00 00 00 00 00 00 00 00 00 00 00 00 00 00
[ 6] 192-223: 00 00 00 00 00 00 00 00 00 00 00 00 00 00 00 00
[ 7] 224-255: 00 00 00 00 00 00 11 01 00 10 11 00 01 01 01 01

Pattern analysis:
00: 120 occurrences ( 93.8%)
     Positions: [0, 1, 2, 3, 4, 5, 6, 7, 8, 9, 10, 11, 12, 13, 14, 15, 16, 17, 18, 19, 20, 21, 22, 23, 24, 25, 26, 27, 28, 29, 30, 31, 32, 33, 34, 35, 36, 37, 38, 39, 40, 41, 42, 43, 44, 45, 46, 47, 48, 49, 50, 51, 52, 53, 54, 55, 56, 57, 58, 59, 60, 61, 62, 63, 64, 65, 66, 67, 68, 69, 70, 71, 72, 73, 74, 75, 76, 77, 78, 79, 80, 81, 82, 83, 84, 85, 86, 87, 88, 89, 90, 91, 92, 93, 94, 95, 96, 97, 98, 99, 100, 101, 102, 103, 104, 105, 106, 107, 108, 109, 110, 111, 112, 113, 114, 115, 116, 117, 120, 123]
01:   5 occurrences (  3.9%)
     Positions: [119, 124, 125, 126, 127]
10:   1 occurrences (  0.8%)
     Positions: [121]
11:   2 occurrences (  1.6%)
     Positions: [118, 122]

----------------------------------------------------------------------

String 21:
Hex: 00000000000000000000000000000000000000000000000000000000001ba534

2-bit patterns across 256 bits:
[ 0]   0-31 : 00 00 00 00 00 00 00 00 00 00 00 00 00 00 00 00
[ 1]  32-63 : 00 00 00 00 00 00 00 00 00 00 00 00 00 00 00 00
[ 2]  64-95 : 00 00 00 00 00 00 00 00 00 00 00 00 00 00 00 00
[ 3]  96-127: 00 00 00 00 00 00 00 00 00 00 00 00 00 00 00 00
[ 4] 128-159: 00 00 00 00 00 00 00 00 00 00 00 00 00 00 00 00
[ 5] 160-191: 00 00 00 00 00 00 00 00 00 00 00 00 00 00 00 00
[ 6] 192-223: 00 00 00 00 00 00 00 00 00 00 00 00 00 00 00 00
[ 7] 224-255: 00 00 00 00 00 01 10 11 10 10 01 01 00 11 01 00

Pattern analysis:
00: 119 occurrences ( 93.0%)
     Positions: [0, 1, 2, 3, 4, 5, 6, 7, 8, 9, 10, 11, 12, 13, 14, 15, 16, 17, 18, 19, 20, 21, 22, 23, 24, 25, 26, 27, 28, 29, 30, 31, 32, 33, 34, 35, 36, 37, 38, 39, 40, 41, 42, 43, 44, 45, 46, 47, 48, 49, 50, 51, 52, 53, 54, 55, 56, 57, 58, 59, 60, 61, 62, 63, 64, 65, 66, 67, 68, 69, 70, 71, 72, 73, 74, 75, 76, 77, 78, 79, 80, 81, 82, 83, 84, 85, 86, 87, 88, 89, 90, 91, 92, 93, 94, 95, 96, 97, 98, 99, 100, 101, 102, 103, 104, 105, 106, 107, 108, 109, 110, 111, 112, 113, 114, 115, 116, 124, 127]
01:   4 occurrences (  3.1%)
     Positions: [117, 122, 123, 126]
10:   3 occurrences (  2.3%)
     Positions: [118, 120, 121]
11:   2 occurrences (  1.6%)
     Positions: [119, 125]

----------------------------------------------------------------------

String 22:
Hex: 00000000000000000000000000000000000000000000000000000000002de40f

2-bit patterns across 256 bits:
[ 0]   0-31 : 00 00 00 00 00 00 00 00 00 00 00 00 00 00 00 00
[ 1]  32-63 : 00 00 00 00 00 00 00 00 00 00 00 00 00 00 00 00
[ 2]  64-95 : 00 00 00 00 00 00 00 00 00 00 00 00 00 00 00 00
[ 3]  96-127: 00 00 00 00 00 00 00 00 00 00 00 00 00 00 00 00
[ 4] 128-159: 00 00 00 00 00 00 00 00 00 00 00 00 00 00 00 00
[ 5] 160-191: 00 00 00 00 00 00 00 00 00 00 00 00 00 00 00 00
[ 6] 192-223: 00 00 00 00 00 00 00 00 00 00 00 00 00 00 00 00
[ 7] 224-255: 00 00 00 00 00 10 11 01 11 10 01 00 00 00 11 11

Pattern analysis:
00: 120 occurrences ( 93.8%)
     Positions: [0, 1, 2, 3, 4, 5, 6, 7, 8, 9, 10, 11, 12, 13, 14, 15, 16, 17, 18, 19, 20, 21, 22, 23, 24, 25, 26, 27, 28, 29, 30, 31, 32, 33, 34, 35, 36, 37, 38, 39, 40, 41, 42, 43, 44, 45, 46, 47, 48, 49, 50, 51, 52, 53, 54, 55, 56, 57, 58, 59, 60, 61, 62, 63, 64, 65, 66, 67, 68, 69, 70, 71, 72, 73, 74, 75, 76, 77, 78, 79, 80, 81, 82, 83, 84, 85, 86, 87, 88, 89, 90, 91, 92, 93, 94, 95, 96, 97, 98, 99, 100, 101, 102, 103, 104, 105, 106, 107, 108, 109, 110, 111, 112, 113, 114, 115, 116, 123, 124, 125]
01:   2 occurrences (  1.6%)
     Positions: [119, 122]
10:   2 occurrences (  1.6%)
     Positions: [117, 121]
11:   4 occurrences (  3.1%)
     Positions: [118, 120, 126, 127]

----------------------------------------------------------------------

String 23:
Hex: 0000000000000000000000000000000000000000000000000000000000556e52

2-bit patterns across 256 bits:
[ 0]   0-31 : 00 00 00 00 00 00 00 00 00 00 00 00 00 00 00 00
[ 1]  32-63 : 00 00 00 00 00 00 00 00 00 00 00 00 00 00 00 00
[ 2]  64-95 : 00 00 00 00 00 00 00 00 00 00 00 00 00 00 00 00
[ 3]  96-127: 00 00 00 00 00 00 00 00 00 00 00 00 00 00 00 00
[ 4] 128-159: 00 00 00 00 00 00 00 00 00 00 00 00 00 00 00 00
[ 5] 160-191: 00 00 00 00 00 00 00 00 00 00 00 00 00 00 00 00
[ 6] 192-223: 00 00 00 00 00 00 00 00 00 00 00 00 00 00 00 00
[ 7] 224-255: 00 00 00 00 01 01 01 01 01 10 11 10 01 01 00 10

Pattern analysis:
00: 117 occurrences ( 91.4%)
     Positions: [0, 1, 2, 3, 4, 5, 6, 7, 8, 9, 10, 11, 12, 13, 14, 15, 16, 17, 18, 19, 20, 21, 22, 23, 24, 25, 26, 27, 28, 29, 30, 31, 32, 33, 34, 35, 36, 37, 38, 39, 40, 41, 42, 43, 44, 45, 46, 47, 48, 49, 50, 51, 52, 53, 54, 55, 56, 57, 58, 59, 60, 61, 62, 63, 64, 65, 66, 67, 68, 69, 70, 71, 72, 73, 74, 75, 76, 77, 78, 79, 80, 81, 82, 83, 84, 85, 86, 87, 88, 89, 90, 91, 92, 93, 94, 95, 96, 97, 98, 99, 100, 101, 102, 103, 104, 105, 106, 107, 108, 109, 110, 111, 112, 113, 114, 115, 126]
01:   7 occurrences (  5.5%)
     Positions: [116, 117, 118, 119, 120, 124, 125]
10:   3 occurrences (  2.3%)
     Positions: [121, 123, 127]
11:   1 occurrences (  0.8%)
     Positions: [122]

----------------------------------------------------------------------

String 24:
Hex: 0000000000000000000000000000000000000000000000000000000000dc2a04

2-bit patterns across 256 bits:
[ 0]   0-31 : 00 00 00 00 00 00 00 00 00 00 00 00 00 00 00 00
[ 1]  32-63 : 00 00 00 00 00 00 00 00 00 00 00 00 00 00 00 00
[ 2]  64-95 : 00 00 00 00 00 00 00 00 00 00 00 00 00 00 00 00
[ 3]  96-127: 00 00 00 00 00 00 00 00 00 00 00 00 00 00 00 00
[ 4] 128-159: 00 00 00 00 00 00 00 00 00 00 00 00 00 00 00 00
[ 5] 160-191: 00 00 00 00 00 00 00 00 00 00 00 00 00 00 00 00
[ 6] 192-223: 00 00 00 00 00 00 00 00 00 00 00 00 00 00 00 00
[ 7] 224-255: 00 00 00 00 11 01 11 00 00 10 10 10 00 00 01 00

Pattern analysis:
00: 121 occurrences ( 94.5%)
     Positions: [0, 1, 2, 3, 4, 5, 6, 7, 8, 9, 10, 11, 12, 13, 14, 15, 16, 17, 18, 19, 20, 21, 22, 23, 24, 25, 26, 27, 28, 29, 30, 31, 32, 33, 34, 35, 36, 37, 38, 39, 40, 41, 42, 43, 44, 45, 46, 47, 48, 49, 50, 51, 52, 53, 54, 55, 56, 57, 58, 59, 60, 61, 62, 63, 64, 65, 66, 67, 68, 69, 70, 71, 72, 73, 74, 75, 76, 77, 78, 79, 80, 81, 82, 83, 84, 85, 86, 87, 88, 89, 90, 91, 92, 93, 94, 95, 96, 97, 98, 99, 100, 101, 102, 103, 104, 105, 106, 107, 108, 109, 110, 111, 112, 113, 114, 115, 119, 120, 124, 125, 127]
01:   2 occurrences (  1.6%)
     Positions: [117, 126]
10:   3 occurrences (  2.3%)
     Positions: [121, 122, 123]
11:   2 occurrences (  1.6%)
     Positions: [116, 118]

----------------------------------------------------------------------

String 25:
Hex: 0000000000000000000000000000000000000000000000000000000001fa5ee5

2-bit patterns across 256 bits:
[ 0]   0-31 : 00 00 00 00 00 00 00 00 00 00 00 00 00 00 00 00
[ 1]  32-63 : 00 00 00 00 00 00 00 00 00 00 00 00 00 00 00 00
[ 2]  64-95 : 00 00 00 00 00 00 00 00 00 00 00 00 00 00 00 00
[ 3]  96-127: 00 00 00 00 00 00 00 00 00 00 00 00 00 00 00 00
[ 4] 128-159: 00 00 00 00 00 00 00 00 00 00 00 00 00 00 00 00
[ 5] 160-191: 00 00 00 00 00 00 00 00 00 00 00 00 00 00 00 00
[ 6] 192-223: 00 00 00 00 00 00 00 00 00 00 00 00 00 00 00 00
[ 7] 224-255: 00 00 00 01 11 11 10 10 01 01 11 10 11 10 01 01

Pattern analysis:
00: 115 occurrences ( 89.8%)
     Positions: [0, 1, 2, 3, 4, 5, 6, 7, 8, 9, 10, 11, 12, 13, 14, 15, 16, 17, 18, 19, 20, 21, 22, 23, 24, 25, 26, 27, 28, 29, 30, 31, 32, 33, 34, 35, 36, 37, 38, 39, 40, 41, 42, 43, 44, 45, 46, 47, 48, 49, 50, 51, 52, 53, 54, 55, 56, 57, 58, 59, 60, 61, 62, 63, 64, 65, 66, 67, 68, 69, 70, 71, 72, 73, 74, 75, 76, 77, 78, 79, 80, 81, 82, 83, 84, 85, 86, 87, 88, 89, 90, 91, 92, 93, 94, 95, 96, 97, 98, 99, 100, 101, 102, 103, 104, 105, 106, 107, 108, 109, 110, 111, 112, 113, 114]
01:   5 occurrences (  3.9%)
     Positions: [115, 120, 121, 126, 127]
10:   4 occurrences (  3.1%)
     Positions: [118, 119, 123, 125]
11:   4 occurrences (  3.1%)
     Positions: [116, 117, 122, 124]

----------------------------------------------------------------------

String 26:
Hex: 000000000000000000000000000000000000000000000000000000000340326e

2-bit patterns across 256 bits:
[ 0]   0-31 : 00 00 00 00 00 00 00 00 00 00 00 00 00 00 00 00
[ 1]  32-63 : 00 00 00 00 00 00 00 00 00 00 00 00 00 00 00 00
[ 2]  64-95 : 00 00 00 00 00 00 00 00 00 00 00 00 00 00 00 00
[ 3]  96-127: 00 00 00 00 00 00 00 00 00 00 00 00 00 00 00 00
[ 4] 128-159: 00 00 00 00 00 00 00 00 00 00 00 00 00 00 00 00
[ 5] 160-191: 00 00 00 00 00 00 00 00 00 00 00 00 00 00 00 00
[ 6] 192-223: 00 00 00 00 00 00 00 00 00 00 00 00 00 00 00 00
[ 7] 224-255: 00 00 00 11 01 00 00 00 00 11 00 10 01 10 11 10

Pattern analysis:
00: 120 occurrences ( 93.8%)
     Positions: [0, 1, 2, 3, 4, 5, 6, 7, 8, 9, 10, 11, 12, 13, 14, 15, 16, 17, 18, 19, 20, 21, 22, 23, 24, 25, 26, 27, 28, 29, 30, 31, 32, 33, 34, 35, 36, 37, 38, 39, 40, 41, 42, 43, 44, 45, 46, 47, 48, 49, 50, 51, 52, 53, 54, 55, 56, 57, 58, 59, 60, 61, 62, 63, 64, 65, 66, 67, 68, 69, 70, 71, 72, 73, 74, 75, 76, 77, 78, 79, 80, 81, 82, 83, 84, 85, 86, 87, 88, 89, 90, 91, 92, 93, 94, 95, 96, 97, 98, 99, 100, 101, 102, 103, 104, 105, 106, 107, 108, 109, 110, 111, 112, 113, 114, 117, 118, 119, 120, 122]
01:   2 occurrences (  1.6%)
     Positions: [116, 124]
10:   3 occurrences (  2.3%)
     Positions: [123, 125, 127]
11:   3 occurrences (  2.3%)
     Positions: [115, 121, 126]

----------------------------------------------------------------------

String 27:
Hex: 0000000000000000000000000000000000000000000000000000000006ac3875

2-bit patterns across 256 bits:
[ 0]   0-31 : 00 00 00 00 00 00 00 00 00 00 00 00 00 00 00 00
[ 1]  32-63 : 00 00 00 00 00 00 00 00 00 00 00 00 00 00 00 00
[ 2]  64-95 : 00 00 00 00 00 00 00 00 00 00 00 00 00 00 00 00
[ 3]  96-127: 00 00 00 00 00 00 00 00 00 00 00 00 00 00 00 00
[ 4] 128-159: 00 00 00 00 00 00 00 00 00 00 00 00 00 00 00 00
[ 5] 160-191: 00 00 00 00 00 00 00 00 00 00 00 00 00 00 00 00
[ 6] 192-223: 00 00 00 00 00 00 00 00 00 00 00 00 00 00 00 00
[ 7] 224-255: 00 00 01 10 10 10 11 00 00 11 10 00 01 11 01 01

Pattern analysis:
00: 117 occurrences ( 91.4%)
     Positions: [0, 1, 2, 3, 4, 5, 6, 7, 8, 9, 10, 11, 12, 13, 14, 15, 16, 17, 18, 19, 20, 21, 22, 23, 24, 25, 26, 27, 28, 29, 30, 31, 32, 33, 34, 35, 36, 37, 38, 39, 40, 41, 42, 43, 44, 45, 46, 47, 48, 49, 50, 51, 52, 53, 54, 55, 56, 57, 58, 59, 60, 61, 62, 63, 64, 65, 66, 67, 68, 69, 70, 71, 72, 73, 74, 75, 76, 77, 78, 79, 80, 81, 82, 83, 84, 85, 86, 87, 88, 89, 90, 91, 92, 93, 94, 95, 96, 97, 98, 99, 100, 101, 102, 103, 104, 105, 106, 107, 108, 109, 110, 111, 112, 113, 119, 120, 123]
01:   4 occurrences (  3.1%)
     Positions: [114, 124, 126, 127]
10:   4 occurrences (  3.1%)
     Positions: [115, 116, 117, 122]
11:   3 occurrences (  2.3%)
     Positions: [118, 121, 125]

----------------------------------------------------------------------

String 28:
Hex: 000000000000000000000000000000000000000000000000000000000d916ce8

2-bit patterns across 256 bits:
[ 0]   0-31 : 00 00 00 00 00 00 00 00 00 00 00 00 00 00 00 00
[ 1]  32-63 : 00 00 00 00 00 00 00 00 00 00 00 00 00 00 00 00
[ 2]  64-95 : 00 00 00 00 00 00 00 00 00 00 00 00 00 00 00 00
[ 3]  96-127: 00 00 00 00 00 00 00 00 00 00 00 00 00 00 00 00
[ 4] 128-159: 00 00 00 00 00 00 00 00 00 00 00 00 00 00 00 00
[ 5] 160-191: 00 00 00 00 00 00 00 00 00 00 00 00 00 00 00 00
[ 6] 192-223: 00 00 00 00 00 00 00 00 00 00 00 00 00 00 00 00
[ 7] 224-255: 00 00 11 01 10 01 00 01 01 10 11 00 11 10 10 00

Pattern analysis:
00: 117 occurrences ( 91.4%)
     Positions: [0, 1, 2, 3, 4, 5, 6, 7, 8, 9, 10, 11, 12, 13, 14, 15, 16, 17, 18, 19, 20, 21, 22, 23, 24, 25, 26, 27, 28, 29, 30, 31, 32, 33, 34, 35, 36, 37, 38, 39, 40, 41, 42, 43, 44, 45, 46, 47, 48, 49, 50, 51, 52, 53, 54, 55, 56, 57, 58, 59, 60, 61, 62, 63, 64, 65, 66, 67, 68, 69, 70, 71, 72, 73, 74, 75, 76, 77, 78, 79, 80, 81, 82, 83, 84, 85, 86, 87, 88, 89, 90, 91, 92, 93, 94, 95, 96, 97, 98, 99, 100, 101, 102, 103, 104, 105, 106, 107, 108, 109, 110, 111, 112, 113, 118, 123, 127]
01:   4 occurrences (  3.1%)
     Positions: [115, 117, 119, 120]
10:   4 occurrences (  3.1%)
     Positions: [116, 121, 125, 126]
11:   3 occurrences (  2.3%)
     Positions: [114, 122, 124]

----------------------------------------------------------------------

String 29:
Hex: 0000000000000000000000000000000000000000000000000000000017e2551e

2-bit patterns across 256 bits:
[ 0]   0-31 : 00 00 00 00 00 00 00 00 00 00 00 00 00 00 00 00
[ 1]  32-63 : 00 00 00 00 00 00 00 00 00 00 00 00 00 00 00 00
[ 2]  64-95 : 00 00 00 00 00 00 00 00 00 00 00 00 00 00 00 00
[ 3]  96-127: 00 00 00 00 00 00 00 00 00 00 00 00 00 00 00 00
[ 4] 128-159: 00 00 00 00 00 00 00 00 00 00 00 00 00 00 00 00
[ 5] 160-191: 00 00 00 00 00 00 00 00 00 00 00 00 00 00 00 00
[ 6] 192-223: 00 00 00 00 00 00 00 00 00 00 00 00 00 00 00 00
[ 7] 224-255: 00 01 01 11 11 10 00 10 01 01 01 01 00 01 11 10

Pattern analysis:
00: 115 occurrences ( 89.8%)
     Positions: [0, 1, 2, 3, 4, 5, 6, 7, 8, 9, 10, 11, 12, 13, 14, 15, 16, 17, 18, 19, 20, 21, 22, 23, 24, 25, 26, 27, 28, 29, 30, 31, 32, 33, 34, 35, 36, 37, 38, 39, 40, 41, 42, 43, 44, 45, 46, 47, 48, 49, 50, 51, 52, 53, 54, 55, 56, 57, 58, 59, 60, 61, 62, 63, 64, 65, 66, 67, 68, 69, 70, 71, 72, 73, 74, 75, 76, 77, 78, 79, 80, 81, 82, 83, 84, 85, 86, 87, 88, 89, 90, 91, 92, 93, 94, 95, 96, 97, 98, 99, 100, 101, 102, 103, 104, 105, 106, 107, 108, 109, 110, 111, 112, 118, 124]
01:   7 occurrences (  5.5%)
     Positions: [113, 114, 120, 121, 122, 123, 125]
10:   3 occurrences (  2.3%)
     Positions: [117, 119, 127]
11:   3 occurrences (  2.3%)
     Positions: [115, 116, 126]

----------------------------------------------------------------------

String 30:
Hex: 000000000000000000000000000000000000000000000000000000003d94cd64

2-bit patterns across 256 bits:
[ 0]   0-31 : 00 00 00 00 00 00 00 00 00 00 00 00 00 00 00 00
[ 1]  32-63 : 00 00 00 00 00 00 00 00 00 00 00 00 00 00 00 00
[ 2]  64-95 : 00 00 00 00 00 00 00 00 00 00 00 00 00 00 00 00
[ 3]  96-127: 00 00 00 00 00 00 00 00 00 00 00 00 00 00 00 00
[ 4] 128-159: 00 00 00 00 00 00 00 00 00 00 00 00 00 00 00 00
[ 5] 160-191: 00 00 00 00 00 00 00 00 00 00 00 00 00 00 00 00
[ 6] 192-223: 00 00 00 00 00 00 00 00 00 00 00 00 00 00 00 00
[ 7] 224-255: 00 11 11 01 10 01 01 00 11 00 11 01 01 10 01 00

Pattern analysis:
00: 116 occurrences ( 90.6%)
     Positions: [0, 1, 2, 3, 4, 5, 6, 7, 8, 9, 10, 11, 12, 13, 14, 15, 16, 17, 18, 19, 20, 21, 22, 23, 24, 25, 26, 27, 28, 29, 30, 31, 32, 33, 34, 35, 36, 37, 38, 39, 40, 41, 42, 43, 44, 45, 46, 47, 48, 49, 50, 51, 52, 53, 54, 55, 56, 57, 58, 59, 60, 61, 62, 63, 64, 65, 66, 67, 68, 69, 70, 71, 72, 73, 74, 75, 76, 77, 78, 79, 80, 81, 82, 83, 84, 85, 86, 87, 88, 89, 90, 91, 92, 93, 94, 95, 96, 97, 98, 99, 100, 101, 102, 103, 104, 105, 106, 107, 108, 109, 110, 111, 112, 119, 121, 127]
01:   6 occurrences (  4.7%)
     Positions: [115, 117, 118, 123, 124, 126]
10:   2 occurrences (  1.6%)
     Positions: [116, 125]
11:   4 occurrences (  3.1%)
     Positions: [113, 114, 120, 122]

----------------------------------------------------------------------

String 31:
Hex: 000000000000000000000000000000000000000000000000000000007d4fe747

2-bit patterns across 256 bits:
[ 0]   0-31 : 00 00 00 00 00 00 00 00 00 00 00 00 00 00 00 00
[ 1]  32-63 : 00 00 00 00 00 00 00 00 00 00 00 00 00 00 00 00
[ 2]  64-95 : 00 00 00 00 00 00 00 00 00 00 00 00 00 00 00 00
[ 3]  96-127: 00 00 00 00 00 00 00 00 00 00 00 00 00 00 00 00
[ 4] 128-159: 00 00 00 00 00 00 00 00 00 00 00 00 00 00 00 00
[ 5] 160-191: 00 00 00 00 00 00 00 00 00 00 00 00 00 00 00 00
[ 6] 192-223: 00 00 00 00 00 00 00 00 00 00 00 00 00 00 00 00
[ 7] 224-255: 01 11 11 01 01 00 11 11 11 10 01 11 01 00 01 11

Pattern analysis:
00: 114 occurrences ( 89.1%)
     Positions: [0, 1, 2, 3, 4, 5, 6, 7, 8, 9, 10, 11, 12, 13, 14, 15, 16, 17, 18, 19, 20, 21, 22, 23, 24, 25, 26, 27, 28, 29, 30, 31, 32, 33, 34, 35, 36, 37, 38, 39, 40, 41, 42, 43, 44, 45, 46, 47, 48, 49, 50, 51, 52, 53, 54, 55, 56, 57, 58, 59, 60, 61, 62, 63, 64, 65, 66, 67, 68, 69, 70, 71, 72, 73, 74, 75, 76, 77, 78, 79, 80, 81, 82, 83, 84, 85, 86, 87, 88, 89, 90, 91, 92, 93, 94, 95, 96, 97, 98, 99, 100, 101, 102, 103, 104, 105, 106, 107, 108, 109, 110, 111, 117, 125]
01:   6 occurrences (  4.7%)
     Positions: [112, 115, 116, 122, 124, 126]
10:   1 occurrences (  0.8%)
     Positions: [121]
11:   7 occurrences (  5.5%)
     Positions: [113, 114, 118, 119, 120, 123, 127]

----------------------------------------------------------------------

String 32:
Hex: 00000000000000000000000000000000000000000000000000000000b862a62e

2-bit patterns across 256 bits:
[ 0]   0-31 : 00 00 00 00 00 00 00 00 00 00 00 00 00 00 00 00
[ 1]  32-63 : 00 00 00 00 00 00 00 00 00 00 00 00 00 00 00 00
[ 2]  64-95 : 00 00 00 00 00 00 00 00 00 00 00 00 00 00 00 00
[ 3]  96-127: 00 00 00 00 00 00 00 00 00 00 00 00 00 00 00 00
[ 4] 128-159: 00 00 00 00 00 00 00 00 00 00 00 00 00 00 00 00
[ 5] 160-191: 00 00 00 00 00 00 00 00 00 00 00 00 00 00 00 00
[ 6] 192-223: 00 00 00 00 00 00 00 00 00 00 00 00 00 00 00 00
[ 7] 224-255: 10 11 10 00 01 10 00 10 10 10 01 10 00 10 11 10

Pattern analysis:
00: 115 occurrences ( 89.8%)
     Positions: [0, 1, 2, 3, 4, 5, 6, 7, 8, 9, 10, 11, 12, 13, 14, 15, 16, 17, 18, 19, 20, 21, 22, 23, 24, 25, 26, 27, 28, 29, 30, 31, 32, 33, 34, 35, 36, 37, 38, 39, 40, 41, 42, 43, 44, 45, 46, 47, 48, 49, 50, 51, 52, 53, 54, 55, 56, 57, 58, 59, 60, 61, 62, 63, 64, 65, 66, 67, 68, 69, 70, 71, 72, 73, 74, 75, 76, 77, 78, 79, 80, 81, 82, 83, 84, 85, 86, 87, 88, 89, 90, 91, 92, 93, 94, 95, 96, 97, 98, 99, 100, 101, 102, 103, 104, 105, 106, 107, 108, 109, 110, 111, 115, 118, 124]
01:   2 occurrences (  1.6%)
     Positions: [116, 122]
10:   9 occurrences (  7.0%)
     Positions: [112, 114, 117, 119, 120, 121, 123, 125, 127]
11:   2 occurrences (  1.6%)
     Positions: [113, 126]

----------------------------------------------------------------------

String 33:
Hex: 00000000000000000000000000000000000000000000000000000001a96ca8d8

2-bit patterns across 256 bits:
[ 0]   0-31 : 00 00 00 00 00 00 00 00 00 00 00 00 00 00 00 00
[ 1]  32-63 : 00 00 00 00 00 00 00 00 00 00 00 00 00 00 00 00
[ 2]  64-95 : 00 00 00 00 00 00 00 00 00 00 00 00 00 00 00 00
[ 3]  96-127: 00 00 00 00 00 00 00 00 00 00 00 00 00 00 00 00
[ 4] 128-159: 00 00 00 00 00 00 00 00 00 00 00 00 00 00 00 00
[ 5] 160-191: 00 00 00 00 00 00 00 00 00 00 00 00 00 00 00 00
[ 6] 192-223: 00 00 00 00 00 00 00 00 00 00 00 00 00 00 00 01
[ 7] 224-255: 10 10 10 01 01 10 11 00 10 10 10 00 11 01 10 00

Pattern analysis:
00: 114 occurrences ( 89.1%)
     Positions: [0, 1, 2, 3, 4, 5, 6, 7, 8, 9, 10, 11, 12, 13, 14, 15, 16, 17, 18, 19, 20, 21, 22, 23, 24, 25, 26, 27, 28, 29, 30, 31, 32, 33, 34, 35, 36, 37, 38, 39, 40, 41, 42, 43, 44, 45, 46, 47, 48, 49, 50, 51, 52, 53, 54, 55, 56, 57, 58, 59, 60, 61, 62, 63, 64, 65, 66, 67, 68, 69, 70, 71, 72, 73, 74, 75, 76, 77, 78, 79, 80, 81, 82, 83, 84, 85, 86, 87, 88, 89, 90, 91, 92, 93, 94, 95, 96, 97, 98, 99, 100, 101, 102, 103, 104, 105, 106, 107, 108, 109, 110, 119, 123, 127]
01:   4 occurrences (  3.1%)
     Positions: [111, 115, 116, 125]
10:   8 occurrences (  6.2%)
     Positions: [112, 113, 114, 117, 120, 121, 122, 126]
11:   2 occurrences (  1.6%)
     Positions: [118, 124]

----------------------------------------------------------------------

String 34:
Hex: 000000000000000000000000000000000000000000000000000000034a65911d

2-bit patterns across 256 bits:
[ 0]   0-31 : 00 00 00 00 00 00 00 00 00 00 00 00 00 00 00 00
[ 1]  32-63 : 00 00 00 00 00 00 00 00 00 00 00 00 00 00 00 00
[ 2]  64-95 : 00 00 00 00 00 00 00 00 00 00 00 00 00 00 00 00
[ 3]  96-127: 00 00 00 00 00 00 00 00 00 00 00 00 00 00 00 00
[ 4] 128-159: 00 00 00 00 00 00 00 00 00 00 00 00 00 00 00 00
[ 5] 160-191: 00 00 00 00 00 00 00 00 00 00 00 00 00 00 00 00
[ 6] 192-223: 00 00 00 00 00 00 00 00 00 00 00 00 00 00 00 11
[ 7] 224-255: 01 00 10 10 01 10 01 01 10 01 00 01 00 01 11 01

Pattern analysis:
00: 114 occurrences ( 89.1%)
     Positions: [0, 1, 2, 3, 4, 5, 6, 7, 8, 9, 10, 11, 12, 13, 14, 15, 16, 17, 18, 19, 20, 21, 22, 23, 24, 25, 26, 27, 28, 29, 30, 31, 32, 33, 34, 35, 36, 37, 38, 39, 40, 41, 42, 43, 44, 45, 46, 47, 48, 49, 50, 51, 52, 53, 54, 55, 56, 57, 58, 59, 60, 61, 62, 63, 64, 65, 66, 67, 68, 69, 70, 71, 72, 73, 74, 75, 76, 77, 78, 79, 80, 81, 82, 83, 84, 85, 86, 87, 88, 89, 90, 91, 92, 93, 94, 95, 96, 97, 98, 99, 100, 101, 102, 103, 104, 105, 106, 107, 108, 109, 110, 113, 122, 124]
01:   8 occurrences (  6.2%)
     Positions: [112, 116, 118, 119, 121, 123, 125, 127]
10:   4 occurrences (  3.1%)
     Positions: [114, 115, 117, 120]
11:   2 occurrences (  1.6%)
     Positions: [111, 126]

----------------------------------------------------------------------

String 35:
Hex: 00000000000000000000000000000000000000000000000000000004aed21170

2-bit patterns across 256 bits:
[ 0]   0-31 : 00 00 00 00 00 00 00 00 00 00 00 00 00 00 00 00
[ 1]  32-63 : 00 00 00 00 00 00 00 00 00 00 00 00 00 00 00 00
[ 2]  64-95 : 00 00 00 00 00 00 00 00 00 00 00 00 00 00 00 00
[ 3]  96-127: 00 00 00 00 00 00 00 00 00 00 00 00 00 00 00 00
[ 4] 128-159: 00 00 00 00 00 00 00 00 00 00 00 00 00 00 00 00
[ 5] 160-191: 00 00 00 00 00 00 00 00 00 00 00 00 00 00 00 00
[ 6] 192-223: 00 00 00 00 00 00 00 00 00 00 00 00 00 00 01 00
[ 7] 224-255: 10 10 11 10 11 01 00 10 00 01 00 01 01 11 00 00

Pattern analysis:
00: 116 occurrences ( 90.6%)
     Positions: [0, 1, 2, 3, 4, 5, 6, 7, 8, 9, 10, 11, 12, 13, 14, 15, 16, 17, 18, 19, 20, 21, 22, 23, 24, 25, 26, 27, 28, 29, 30, 31, 32, 33, 34, 35, 36, 37, 38, 39, 40, 41, 42, 43, 44, 45, 46, 47, 48, 49, 50, 51, 52, 53, 54, 55, 56, 57, 58, 59, 60, 61, 62, 63, 64, 65, 66, 67, 68, 69, 70, 71, 72, 73, 74, 75, 76, 77, 78, 79, 80, 81, 82, 83, 84, 85, 86, 87, 88, 89, 90, 91, 92, 93, 94, 95, 96, 97, 98, 99, 100, 101, 102, 103, 104, 105, 106, 107, 108, 109, 111, 118, 120, 122, 126, 127]
01:   5 occurrences (  3.9%)
     Positions: [110, 117, 121, 123, 124]
10:   4 occurrences (  3.1%)
     Positions: [112, 113, 115, 119]
11:   3 occurrences (  2.3%)
     Positions: [114, 116, 125]

----------------------------------------------------------------------

String 36:
Hex: 00000000000000000000000000000000000000000000000000000009de820a7c

2-bit patterns across 256 bits:
[ 0]   0-31 : 00 00 00 00 00 00 00 00 00 00 00 00 00 00 00 00
[ 1]  32-63 : 00 00 00 00 00 00 00 00 00 00 00 00 00 00 00 00
[ 2]  64-95 : 00 00 00 00 00 00 00 00 00 00 00 00 00 00 00 00
[ 3]  96-127: 00 00 00 00 00 00 00 00 00 00 00 00 00 00 00 00
[ 4] 128-159: 00 00 00 00 00 00 00 00 00 00 00 00 00 00 00 00
[ 5] 160-191: 00 00 00 00 00 00 00 00 00 00 00 00 00 00 00 00
[ 6] 192-223: 00 00 00 00 00 00 00 00 00 00 00 00 00 00 10 01
[ 7] 224-255: 11 01 11 10 10 00 00 10 00 00 10 10 01 11 11 00

Pattern analysis:
00: 115 occurrences ( 89.8%)
     Positions: [0, 1, 2, 3, 4, 5, 6, 7, 8, 9, 10, 11, 12, 13, 14, 15, 16, 17, 18, 19, 20, 21, 22, 23, 24, 25, 26, 27, 28, 29, 30, 31, 32, 33, 34, 35, 36, 37, 38, 39, 40, 41, 42, 43, 44, 45, 46, 47, 48, 49, 50, 51, 52, 53, 54, 55, 56, 57, 58, 59, 60, 61, 62, 63, 64, 65, 66, 67, 68, 69, 70, 71, 72, 73, 74, 75, 76, 77, 78, 79, 80, 81, 82, 83, 84, 85, 86, 87, 88, 89, 90, 91, 92, 93, 94, 95, 96, 97, 98, 99, 100, 101, 102, 103, 104, 105, 106, 107, 108, 109, 117, 118, 120, 121, 127]
01:   3 occurrences (  2.3%)
     Positions: [111, 113, 124]
10:   6 occurrences (  4.7%)
     Positions: [110, 115, 116, 119, 122, 123]
11:   4 occurrences (  3.1%)
     Positions: [112, 114, 125, 126]

----------------------------------------------------------------------

String 37:
Hex: 0000000000000000000000000000000000000000000000000000001757756a93

2-bit patterns across 256 bits:
[ 0]   0-31 : 00 00 00 00 00 00 00 00 00 00 00 00 00 00 00 00
[ 1]  32-63 : 00 00 00 00 00 00 00 00 00 00 00 00 00 00 00 00
[ 2]  64-95 : 00 00 00 00 00 00 00 00 00 00 00 00 00 00 00 00
[ 3]  96-127: 00 00 00 00 00 00 00 00 00 00 00 00 00 00 00 00
[ 4] 128-159: 00 00 00 00 00 00 00 00 00 00 00 00 00 00 00 00
[ 5] 160-191: 00 00 00 00 00 00 00 00 00 00 00 00 00 00 00 00
[ 6] 192-223: 00 00 00 00 00 00 00 00 00 00 00 00 00 01 01 11
[ 7] 224-255: 01 01 01 11 01 11 01 01 01 10 10 10 10 01 00 11

Pattern analysis:
00: 110 occurrences ( 85.9%)
     Positions: [0, 1, 2, 3, 4, 5, 6, 7, 8, 9, 10, 11, 12, 13, 14, 15, 16, 17, 18, 19, 20, 21, 22, 23, 24, 25, 26, 27, 28, 29, 30, 31, 32, 33, 34, 35, 36, 37, 38, 39, 40, 41, 42, 43, 44, 45, 46, 47, 48, 49, 50, 51, 52, 53, 54, 55, 56, 57, 58, 59, 60, 61, 62, 63, 64, 65, 66, 67, 68, 69, 70, 71, 72, 73, 74, 75, 76, 77, 78, 79, 80, 81, 82, 83, 84, 85, 86, 87, 88, 89, 90, 91, 92, 93, 94, 95, 96, 97, 98, 99, 100, 101, 102, 103, 104, 105, 106, 107, 108, 126]
01:  10 occurrences (  7.8%)
     Positions: [109, 110, 112, 113, 114, 116, 118, 119, 120, 125]
10:   4 occurrences (  3.1%)
     Positions: [121, 122, 123, 124]
11:   4 occurrences (  3.1%)
     Positions: [111, 115, 117, 127]

----------------------------------------------------------------------

String 38:
Hex: 00000000000000000000000000000000000000000000000000000022382facd0

2-bit patterns across 256 bits:
[ 0]   0-31 : 00 00 00 00 00 00 00 00 00 00 00 00 00 00 00 00
[ 1]  32-63 : 00 00 00 00 00 00 00 00 00 00 00 00 00 00 00 00
[ 2]  64-95 : 00 00 00 00 00 00 00 00 00 00 00 00 00 00 00 00
[ 3]  96-127: 00 00 00 00 00 00 00 00 00 00 00 00 00 00 00 00
[ 4] 128-159: 00 00 00 00 00 00 00 00 00 00 00 00 00 00 00 00
[ 5] 160-191: 00 00 00 00 00 00 00 00 00 00 00 00 00 00 00 00
[ 6] 192-223: 00 00 00 00 00 00 00 00 00 00 00 00 00 10 00 10
[ 7] 224-255: 00 11 10 00 00 10 11 11 10 10 11 00 11 01 00 00

Pattern analysis:
00: 116 occurrences ( 90.6%)
     Positions: [0, 1, 2, 3, 4, 5, 6, 7, 8, 9, 10, 11, 12, 13, 14, 15, 16, 17, 18, 19, 20, 21, 22, 23, 24, 25, 26, 27, 28, 29, 30, 31, 32, 33, 34, 35, 36, 37, 38, 39, 40, 41, 42, 43, 44, 45, 46, 47, 48, 49, 50, 51, 52, 53, 54, 55, 56, 57, 58, 59, 60, 61, 62, 63, 64, 65, 66, 67, 68, 69, 70, 71, 72, 73, 74, 75, 76, 77, 78, 79, 80, 81, 82, 83, 84, 85, 86, 87, 88, 89, 90, 91, 92, 93, 94, 95, 96, 97, 98, 99, 100, 101, 102, 103, 104, 105, 106, 107, 108, 110, 112, 115, 116, 123, 126, 127]
01:   1 occurrences (  0.8%)
     Positions: [125]
10:   6 occurrences (  4.7%)
     Positions: [109, 111, 114, 117, 120, 121]
11:   5 occurrences (  3.9%)
     Positions: [113, 118, 119, 122, 124]

----------------------------------------------------------------------

String 39:
Hex: 0000000000000000000000000000000000000000000000000000004b5f8303e9

2-bit patterns across 256 bits:
[ 0]   0-31 : 00 00 00 00 00 00 00 00 00 00 00 00 00 00 00 00
[ 1]  32-63 : 00 00 00 00 00 00 00 00 00 00 00 00 00 00 00 00
[ 2]  64-95 : 00 00 00 00 00 00 00 00 00 00 00 00 00 00 00 00
[ 3]  96-127: 00 00 00 00 00 00 00 00 00 00 00 00 00 00 00 00
[ 4] 128-159: 00 00 00 00 00 00 00 00 00 00 00 00 00 00 00 00
[ 5] 160-191: 00 00 00 00 00 00 00 00 00 00 00 00 00 00 00 00
[ 6] 192-223: 00 00 00 00 00 00 00 00 00 00 00 00 01 00 10 11
[ 7] 224-255: 01 01 11 11 10 00 00 11 00 00 00 11 11 10 10 01

Pattern analysis:
00: 114 occurrences ( 89.1%)
     Positions: [0, 1, 2, 3, 4, 5, 6, 7, 8, 9, 10, 11, 12, 13, 14, 15, 16, 17, 18, 19, 20, 21, 22, 23, 24, 25, 26, 27, 28, 29, 30, 31, 32, 33, 34, 35, 36, 37, 38, 39, 40, 41, 42, 43, 44, 45, 46, 47, 48, 49, 50, 51, 52, 53, 54, 55, 56, 57, 58, 59, 60, 61, 62, 63, 64, 65, 66, 67, 68, 69, 70, 71, 72, 73, 74, 75, 76, 77, 78, 79, 80, 81, 82, 83, 84, 85, 86, 87, 88, 89, 90, 91, 92, 93, 94, 95, 96, 97, 98, 99, 100, 101, 102, 103, 104, 105, 106, 107, 109, 117, 118, 120, 121, 122]
01:   4 occurrences (  3.1%)
     Positions: [108, 112, 113, 127]
10:   4 occurrences (  3.1%)
     Positions: [110, 116, 125, 126]
11:   6 occurrences (  4.7%)
     Positions: [111, 114, 115, 119, 123, 124]

----------------------------------------------------------------------

String 40:
Hex: 000000000000000000000000000000000000000000000000000000e9ae4933d6

2-bit patterns across 256 bits:
[ 0]   0-31 : 00 00 00 00 00 00 00 00 00 00 00 00 00 00 00 00
[ 1]  32-63 : 00 00 00 00 00 00 00 00 00 00 00 00 00 00 00 00
[ 2]  64-95 : 00 00 00 00 00 00 00 00 00 00 00 00 00 00 00 00
[ 3]  96-127: 00 00 00 00 00 00 00 00 00 00 00 00 00 00 00 00
[ 4] 128-159: 00 00 00 00 00 00 00 00 00 00 00 00 00 00 00 00
[ 5] 160-191: 00 00 00 00 00 00 00 00 00 00 00 00 00 00 00 00
[ 6] 192-223: 00 00 00 00 00 00 00 00 00 00 00 00 11 10 10 01
[ 7] 224-255: 10 10 11 10 01 00 10 01 00 11 00 11 11 01 01 10

Pattern analysis:
00: 111 occurrences ( 86.7%)
     Positions: [0, 1, 2, 3, 4, 5, 6, 7, 8, 9, 10, 11, 12, 13, 14, 15, 16, 17, 18, 19, 20, 21, 22, 23, 24, 25, 26, 27, 28, 29, 30, 31, 32, 33, 34, 35, 36, 37, 38, 39, 40, 41, 42, 43, 44, 45, 46, 47, 48, 49, 50, 51, 52, 53, 54, 55, 56, 57, 58, 59, 60, 61, 62, 63, 64, 65, 66, 67, 68, 69, 70, 71, 72, 73, 74, 75, 76, 77, 78, 79, 80, 81, 82, 83, 84, 85, 86, 87, 88, 89, 90, 91, 92, 93, 94, 95, 96, 97, 98, 99, 100, 101, 102, 103, 104, 105, 106, 107, 117, 120, 122]
01:   5 occurrences (  3.9%)
     Positions: [111, 116, 119, 125, 126]
10:   7 occurrences (  5.5%)
     Positions: [109, 110, 112, 113, 115, 118, 127]
11:   5 occurrences (  3.9%)
     Positions: [108, 114, 121, 123, 124]

----------------------------------------------------------------------

String 41:
Hex: 00000000000000000000000000000000000000000000000000000153869acc5b

2-bit patterns across 256 bits:
[ 0]   0-31 : 00 00 00 00 00 00 00 00 00 00 00 00 00 00 00 00
[ 1]  32-63 : 00 00 00 00 00 00 00 00 00 00 00 00 00 00 00 00
[ 2]  64-95 : 00 00 00 00 00 00 00 00 00 00 00 00 00 00 00 00
[ 3]  96-127: 00 00 00 00 00 00 00 00 00 00 00 00 00 00 00 00
[ 4] 128-159: 00 00 00 00 00 00 00 00 00 00 00 00 00 00 00 00
[ 5] 160-191: 00 00 00 00 00 00 00 00 00 00 00 00 00 00 00 00
[ 6] 192-223: 00 00 00 00 00 00 00 00 00 00 00 01 01 01 00 11
[ 7] 224-255: 10 00 01 10 10 01 10 10 11 00 11 00 01 01 10 11

Pattern analysis:
00: 111 occurrences ( 86.7%)
     Positions: [0, 1, 2, 3, 4, 5, 6, 7, 8, 9, 10, 11, 12, 13, 14, 15, 16, 17, 18, 19, 20, 21, 22, 23, 24, 25, 26, 27, 28, 29, 30, 31, 32, 33, 34, 35, 36, 37, 38, 39, 40, 41, 42, 43, 44, 45, 46, 47, 48, 49, 50, 51, 52, 53, 54, 55, 56, 57, 58, 59, 60, 61, 62, 63, 64, 65, 66, 67, 68, 69, 70, 71, 72, 73, 74, 75, 76, 77, 78, 79, 80, 81, 82, 83, 84, 85, 86, 87, 88, 89, 90, 91, 92, 93, 94, 95, 96, 97, 98, 99, 100, 101, 102, 103, 104, 105, 106, 110, 113, 121, 123]
01:   7 occurrences (  5.5%)
     Positions: [107, 108, 109, 114, 117, 124, 125]
10:   6 occurrences (  4.7%)
     Positions: [112, 115, 116, 118, 119, 126]
11:   4 occurrences (  3.1%)
     Positions: [111, 120, 122, 127]

----------------------------------------------------------------------

String 42:
Hex: 000000000000000000000000000000000000000000000000000002a221c58d8f

2-bit patterns across 256 bits:
[ 0]   0-31 : 00 00 00 00 00 00 00 00 00 00 00 00 00 00 00 00
[ 1]  32-63 : 00 00 00 00 00 00 00 00 00 00 00 00 00 00 00 00
[ 2]  64-95 : 00 00 00 00 00 00 00 00 00 00 00 00 00 00 00 00
[ 3]  96-127: 00 00 00 00 00 00 00 00 00 00 00 00 00 00 00 00
[ 4] 128-159: 00 00 00 00 00 00 00 00 00 00 00 00 00 00 00 00
[ 5] 160-191: 00 00 00 00 00 00 00 00 00 00 00 00 00 00 00 00
[ 6] 192-223: 00 00 00 00 00 00 00 00 00 00 00 10 10 10 00 10
[ 7] 224-255: 00 10 00 01 11 00 01 01 10 00 11 01 10 00 11 11

Pattern analysis:
00: 113 occurrences ( 88.3%)
     Positions: [0, 1, 2, 3, 4, 5, 6, 7, 8, 9, 10, 11, 12, 13, 14, 15, 16, 17, 18, 19, 20, 21, 22, 23, 24, 25, 26, 27, 28, 29, 30, 31, 32, 33, 34, 35, 36, 37, 38, 39, 40, 41, 42, 43, 44, 45, 46, 47, 48, 49, 50, 51, 52, 53, 54, 55, 56, 57, 58, 59, 60, 61, 62, 63, 64, 65, 66, 67, 68, 69, 70, 71, 72, 73, 74, 75, 76, 77, 78, 79, 80, 81, 82, 83, 84, 85, 86, 87, 88, 89, 90, 91, 92, 93, 94, 95, 96, 97, 98, 99, 100, 101, 102, 103, 104, 105, 106, 110, 112, 114, 117, 121, 125]
01:   4 occurrences (  3.1%)
     Positions: [115, 118, 119, 123]
10:   7 occurrences (  5.5%)
     Positions: [107, 108, 109, 111, 113, 120, 124]
11:   4 occurrences (  3.1%)
     Positions: [116, 122, 126, 127]

----------------------------------------------------------------------

String 43:
Hex: 000000000000000000000000000000000000000000000000000006bd3b27c591

2-bit patterns across 256 bits:
[ 0]   0-31 : 00 00 00 00 00 00 00 00 00 00 00 00 00 00 00 00
[ 1]  32-63 : 00 00 00 00 00 00 00 00 00 00 00 00 00 00 00 00
[ 2]  64-95 : 00 00 00 00 00 00 00 00 00 00 00 00 00 00 00 00
[ 3]  96-127: 00 00 00 00 00 00 00 00 00 00 00 00 00 00 00 00
[ 4] 128-159: 00 00 00 00 00 00 00 00 00 00 00 00 00 00 00 00
[ 5] 160-191: 00 00 00 00 00 00 00 00 00 00 00 00 00 00 00 00
[ 6] 192-223: 00 00 00 00 00 00 00 00 00 00 01 10 10 11 11 01
[ 7] 224-255: 00 11 10 11 00 10 01 11 11 00 01 01 10 01 00 01

Pattern analysis:
00: 110 occurrences ( 85.9%)
     Positions: [0, 1, 2, 3, 4, 5, 6, 7, 8, 9, 10, 11, 12, 13, 14, 15, 16, 17, 18, 19, 20, 21, 22, 23, 24, 25, 26, 27, 28, 29, 30, 31, 32, 33, 34, 35, 36, 37, 38, 39, 40, 41, 42, 43, 44, 45, 46, 47, 48, 49, 50, 51, 52, 53, 54, 55, 56, 57, 58, 59, 60, 61, 62, 63, 64, 65, 66, 67, 68, 69, 70, 71, 72, 73, 74, 75, 76, 77, 78, 79, 80, 81, 82, 83, 84, 85, 86, 87, 88, 89, 90, 91, 92, 93, 94, 95, 96, 97, 98, 99, 100, 101, 102, 103, 104, 105, 112, 116, 121, 126]
01:   7 occurrences (  5.5%)
     Positions: [106, 111, 118, 122, 123, 125, 127]
10:   5 occurrences (  3.9%)
     Positions: [107, 108, 114, 117, 124]
11:   6 occurrences (  4.7%)
     Positions: [109, 110, 113, 115, 119, 120]

----------------------------------------------------------------------

String 44:
Hex: 00000000000000000000000000000000000000000000000000000e02b35a358f

2-bit patterns across 256 bits:
[ 0]   0-31 : 00 00 00 00 00 00 00 00 00 00 00 00 00 00 00 00
[ 1]  32-63 : 00 00 00 00 00 00 00 00 00 00 00 00 00 00 00 00
[ 2]  64-95 : 00 00 00 00 00 00 00 00 00 00 00 00 00 00 00 00
[ 3]  96-127: 00 00 00 00 00 00 00 00 00 00 00 00 00 00 00 00
[ 4] 128-159: 00 00 00 00 00 00 00 00 00 00 00 00 00 00 00 00
[ 5] 160-191: 00 00 00 00 00 00 00 00 00 00 00 00 00 00 00 00
[ 6] 192-223: 00 00 00 00 00 00 00 00 00 00 11 10 00 00 00 10
[ 7] 224-255: 10 11 00 11 01 01 10 10 00 11 01 01 10 00 11 11

Pattern analysis:
00: 112 occurrences ( 87.5%)
     Positions: [0, 1, 2, 3, 4, 5, 6, 7, 8, 9, 10, 11, 12, 13, 14, 15, 16, 17, 18, 19, 20, 21, 22, 23, 24, 25, 26, 27, 28, 29, 30, 31, 32, 33, 34, 35, 36, 37, 38, 39, 40, 41, 42, 43, 44, 45, 46, 47, 48, 49, 50, 51, 52, 53, 54, 55, 56, 57, 58, 59, 60, 61, 62, 63, 64, 65, 66, 67, 68, 69, 70, 71, 72, 73, 74, 75, 76, 77, 78, 79, 80, 81, 82, 83, 84, 85, 86, 87, 88, 89, 90, 91, 92, 93, 94, 95, 96, 97, 98, 99, 100, 101, 102, 103, 104, 105, 108, 109, 110, 114, 120, 125]
01:   4 occurrences (  3.1%)
     Positions: [116, 117, 122, 123]
10:   6 occurrences (  4.7%)
     Positions: [107, 111, 112, 118, 119, 124]
11:   6 occurrences (  4.7%)
     Positions: [106, 113, 115, 121, 126, 127]

----------------------------------------------------------------------

String 45:
Hex: 0000000000000000000000000000000000000000000000000000122fca143c05

2-bit patterns across 256 bits:
[ 0]   0-31 : 00 00 00 00 00 00 00 00 00 00 00 00 00 00 00 00
[ 1]  32-63 : 00 00 00 00 00 00 00 00 00 00 00 00 00 00 00 00
[ 2]  64-95 : 00 00 00 00 00 00 00 00 00 00 00 00 00 00 00 00
[ 3]  96-127: 00 00 00 00 00 00 00 00 00 00 00 00 00 00 00 00
[ 4] 128-159: 00 00 00 00 00 00 00 00 00 00 00 00 00 00 00 00
[ 5] 160-191: 00 00 00 00 00 00 00 00 00 00 00 00 00 00 00 00
[ 6] 192-223: 00 00 00 00 00 00 00 00 00 01 00 10 00 10 11 11
[ 7] 224-255: 11 00 10 10 00 01 01 00 00 11 11 00 00 00 01 01

Pattern analysis:
00: 114 occurrences ( 89.1%)
     Positions: [0, 1, 2, 3, 4, 5, 6, 7, 8, 9, 10, 11, 12, 13, 14, 15, 16, 17, 18, 19, 20, 21, 22, 23, 24, 25, 26, 27, 28, 29, 30, 31, 32, 33, 34, 35, 36, 37, 38, 39, 40, 41, 42, 43, 44, 45, 46, 47, 48, 49, 50, 51, 52, 53, 54, 55, 56, 57, 58, 59, 60, 61, 62, 63, 64, 65, 66, 67, 68, 69, 70, 71, 72, 73, 74, 75, 76, 77, 78, 79, 80, 81, 82, 83, 84, 85, 86, 87, 88, 89, 90, 91, 92, 93, 94, 95, 96, 97, 98, 99, 100, 101, 102, 103, 104, 106, 108, 113, 116, 119, 120, 123, 124, 125]
01:   5 occurrences (  3.9%)
     Positions: [105, 117, 118, 126, 127]
10:   4 occurrences (  3.1%)
     Positions: [107, 109, 114, 115]
11:   5 occurrences (  3.9%)
     Positions: [110, 111, 112, 121, 122]

----------------------------------------------------------------------

String 46:
Hex: 00000000000000000000000000000000000000000000000000002ec18388d544

2-bit patterns across 256 bits:
[ 0]   0-31 : 00 00 00 00 00 00 00 00 00 00 00 00 00 00 00 00
[ 1]  32-63 : 00 00 00 00 00 00 00 00 00 00 00 00 00 00 00 00
[ 2]  64-95 : 00 00 00 00 00 00 00 00 00 00 00 00 00 00 00 00
[ 3]  96-127: 00 00 00 00 00 00 00 00 00 00 00 00 00 00 00 00
[ 4] 128-159: 00 00 00 00 00 00 00 00 00 00 00 00 00 00 00 00
[ 5] 160-191: 00 00 00 00 00 00 00 00 00 00 00 00 00 00 00 00
[ 6] 192-223: 00 00 00 00 00 00 00 00 00 10 11 10 11 00 00 01
[ 7] 224-255: 10 00 00 11 10 00 10 00 11 01 01 01 01 00 01 00

Pattern analysis:
00: 113 occurrences ( 88.3%)
     Positions: [0, 1, 2, 3, 4, 5, 6, 7, 8, 9, 10, 11, 12, 13, 14, 15, 16, 17, 18, 19, 20, 21, 22, 23, 24, 25, 26, 27, 28, 29, 30, 31, 32, 33, 34, 35, 36, 37, 38, 39, 40, 41, 42, 43, 44, 45, 46, 47, 48, 49, 50, 51, 52, 53, 54, 55, 56, 57, 58, 59, 60, 61, 62, 63, 64, 65, 66, 67, 68, 69, 70, 71, 72, 73, 74, 75, 76, 77, 78, 79, 80, 81, 82, 83, 84, 85, 86, 87, 88, 89, 90, 91, 92, 93, 94, 95, 96, 97, 98, 99, 100, 101, 102, 103, 104, 109, 110, 113, 114, 117, 119, 125, 127]
01:   6 occurrences (  4.7%)
     Positions: [111, 121, 122, 123, 124, 126]
10:   5 occurrences (  3.9%)
     Positions: [105, 107, 112, 116, 118]
11:   4 occurrences (  3.1%)
     Positions: [106, 108, 115, 120]

----------------------------------------------------------------------

String 47:
Hex: 00000000000000000000000000000000000000000000000000006cd610b53cba

2-bit patterns across 256 bits:
[ 0]   0-31 : 00 00 00 00 00 00 00 00 00 00 00 00 00 00 00 00
[ 1]  32-63 : 00 00 00 00 00 00 00 00 00 00 00 00 00 00 00 00
[ 2]  64-95 : 00 00 00 00 00 00 00 00 00 00 00 00 00 00 00 00
[ 3]  96-127: 00 00 00 00 00 00 00 00 00 00 00 00 00 00 00 00
[ 4] 128-159: 00 00 00 00 00 00 00 00 00 00 00 00 00 00 00 00
[ 5] 160-191: 00 00 00 00 00 00 00 00 00 00 00 00 00 00 00 00
[ 6] 192-223: 00 00 00 00 00 00 00 00 01 10 11 00 11 01 01 10
[ 7] 224-255: 00 01 00 00 10 11 01 01 00 11 11 00 10 11 10 10

Pattern analysis:
00: 110 occurrences ( 85.9%)
     Positions: [0, 1, 2, 3, 4, 5, 6, 7, 8, 9, 10, 11, 12, 13, 14, 15, 16, 17, 18, 19, 20, 21, 22, 23, 24, 25, 26, 27, 28, 29, 30, 31, 32, 33, 34, 35, 36, 37, 38, 39, 40, 41, 42, 43, 44, 45, 46, 47, 48, 49, 50, 51, 52, 53, 54, 55, 56, 57, 58, 59, 60, 61, 62, 63, 64, 65, 66, 67, 68, 69, 70, 71, 72, 73, 74, 75, 76, 77, 78, 79, 80, 81, 82, 83, 84, 85, 86, 87, 88, 89, 90, 91, 92, 93, 94, 95, 96, 97, 98, 99, 100, 101, 102, 103, 107, 112, 114, 115, 120, 123]
01:   6 occurrences (  4.7%)
     Positions: [104, 109, 110, 113, 118, 119]
10:   6 occurrences (  4.7%)
     Positions: [105, 111, 116, 124, 126, 127]
11:   6 occurrences (  4.7%)
     Positions: [106, 108, 117, 121, 122, 125]

----------------------------------------------------------------------

String 48:
Hex: 0000000000000000000000000000000000000000000000000000ade6d7ce3b9b

2-bit patterns across 256 bits:
[ 0]   0-31 : 00 00 00 00 00 00 00 00 00 00 00 00 00 00 00 00
[ 1]  32-63 : 00 00 00 00 00 00 00 00 00 00 00 00 00 00 00 00
[ 2]  64-95 : 00 00 00 00 00 00 00 00 00 00 00 00 00 00 00 00
[ 3]  96-127: 00 00 00 00 00 00 00 00 00 00 00 00 00 00 00 00
[ 4] 128-159: 00 00 00 00 00 00 00 00 00 00 00 00 00 00 00 00
[ 5] 160-191: 00 00 00 00 00 00 00 00 00 00 00 00 00 00 00 00
[ 6] 192-223: 00 00 00 00 00 00 00 00 10 10 11 01 11 10 01 10
[ 7] 224-255: 11 01 01 11 11 00 11 10 00 11 10 11 10 01 10 11

Pattern analysis:
00: 106 occurrences ( 82.8%)
     Positions: [0, 1, 2, 3, 4, 5, 6, 7, 8, 9, 10, 11, 12, 13, 14, 15, 16, 17, 18, 19, 20, 21, 22, 23, 24, 25, 26, 27, 28, 29, 30, 31, 32, 33, 34, 35, 36, 37, 38, 39, 40, 41, 42, 43, 44, 45, 46, 47, 48, 49, 50, 51, 52, 53, 54, 55, 56, 57, 58, 59, 60, 61, 62, 63, 64, 65, 66, 67, 68, 69, 70, 71, 72, 73, 74, 75, 76, 77, 78, 79, 80, 81, 82, 83, 84, 85, 86, 87, 88, 89, 90, 91, 92, 93, 94, 95, 96, 97, 98, 99, 100, 101, 102, 103, 117, 120]
01:   5 occurrences (  3.9%)
     Positions: [107, 110, 113, 114, 125]
10:   8 occurrences (  6.2%)
     Positions: [104, 105, 109, 111, 119, 122, 124, 126]
11:   9 occurrences (  7.0%)
     Positions: [106, 108, 112, 115, 116, 118, 121, 123, 127]

----------------------------------------------------------------------

String 49:
Hex: 000000000000000000000000000000000000000000000000000174176b015f4d

2-bit patterns across 256 bits:
[ 0]   0-31 : 00 00 00 00 00 00 00 00 00 00 00 00 00 00 00 00
[ 1]  32-63 : 00 00 00 00 00 00 00 00 00 00 00 00 00 00 00 00
[ 2]  64-95 : 00 00 00 00 00 00 00 00 00 00 00 00 00 00 00 00
[ 3]  96-127: 00 00 00 00 00 00 00 00 00 00 00 00 00 00 00 00
[ 4] 128-159: 00 00 00 00 00 00 00 00 00 00 00 00 00 00 00 00
[ 5] 160-191: 00 00 00 00 00 00 00 00 00 00 00 00 00 00 00 00
[ 6] 192-223: 00 00 00 00 00 00 00 01 01 11 01 00 00 01 01 11
[ 7] 224-255: 01 10 10 11 00 00 00 01 01 01 11 11 01 00 11 01

Pattern analysis:
00: 109 occurrences ( 85.2%)
     Positions: [0, 1, 2, 3, 4, 5, 6, 7, 8, 9, 10, 11, 12, 13, 14, 15, 16, 17, 18, 19, 20, 21, 22, 23, 24, 25, 26, 27, 28, 29, 30, 31, 32, 33, 34, 35, 36, 37, 38, 39, 40, 41, 42, 43, 44, 45, 46, 47, 48, 49, 50, 51, 52, 53, 54, 55, 56, 57, 58, 59, 60, 61, 62, 63, 64, 65, 66, 67, 68, 69, 70, 71, 72, 73, 74, 75, 76, 77, 78, 79, 80, 81, 82, 83, 84, 85, 86, 87, 88, 89, 90, 91, 92, 93, 94, 95, 96, 97, 98, 99, 100, 101, 102, 107, 108, 116, 117, 118, 125]
01:  11 occurrences (  8.6%)
     Positions: [103, 104, 106, 109, 110, 112, 119, 120, 121, 124, 127]
10:   2 occurrences (  1.6%)
     Positions: [113, 114]
11:   6 occurrences (  4.7%)
     Positions: [105, 111, 115, 122, 123, 126]

----------------------------------------------------------------------

String 50:
Hex: 00000000000000000000000000000000000000000000000000022bd43c2e9354

2-bit patterns across 256 bits:
[ 0]   0-31 : 00 00 00 00 00 00 00 00 00 00 00 00 00 00 00 00
[ 1]  32-63 : 00 00 00 00 00 00 00 00 00 00 00 00 00 00 00 00
[ 2]  64-95 : 00 00 00 00 00 00 00 00 00 00 00 00 00 00 00 00
[ 3]  96-127: 00 00 00 00 00 00 00 00 00 00 00 00 00 00 00 00
[ 4] 128-159: 00 00 00 00 00 00 00 00 00 00 00 00 00 00 00 00
[ 5] 160-191: 00 00 00 00 00 00 00 00 00 00 00 00 00 00 00 00
[ 6] 192-223: 00 00 00 00 00 00 00 10 00 10 10 11 11 01 01 00
[ 7] 224-255: 00 11 11 00 00 10 11 10 10 01 00 11 01 01 01 00

Pattern analysis:
00: 110 occurrences ( 85.9%)
     Positions: [0, 1, 2, 3, 4, 5, 6, 7, 8, 9, 10, 11, 12, 13, 14, 15, 16, 17, 18, 19, 20, 21, 22, 23, 24, 25, 26, 27, 28, 29, 30, 31, 32, 33, 34, 35, 36, 37, 38, 39, 40, 41, 42, 43, 44, 45, 46, 47, 48, 49, 50, 51, 52, 53, 54, 55, 56, 57, 58, 59, 60, 61, 62, 63, 64, 65, 66, 67, 68, 69, 70, 71, 72, 73, 74, 75, 76, 77, 78, 79, 80, 81, 82, 83, 84, 85, 86, 87, 88, 89, 90, 91, 92, 93, 94, 95, 96, 97, 98, 99, 100, 101, 102, 104, 111, 112, 115, 116, 122, 127]
01:   6 occurrences (  4.7%)
     Positions: [109, 110, 121, 124, 125, 126]
10:   6 occurrences (  4.7%)
     Positions: [103, 105, 106, 117, 119, 120]
11:   6 occurrences (  4.7%)
     Positions: [107, 108, 113, 114, 118, 123]

----------------------------------------------------------------------

String 51:
Hex: 00000000000000000000000000000000000000000000000000075070a1a009d4

2-bit patterns across 256 bits:
[ 0]   0-31 : 00 00 00 00 00 00 00 00 00 00 00 00 00 00 00 00
[ 1]  32-63 : 00 00 00 00 00 00 00 00 00 00 00 00 00 00 00 00
[ 2]  64-95 : 00 00 00 00 00 00 00 00 00 00 00 00 00 00 00 00
[ 3]  96-127: 00 00 00 00 00 00 00 00 00 00 00 00 00 00 00 00
[ 4] 128-159: 00 00 00 00 00 00 00 00 00 00 00 00 00 00 00 00
[ 5] 160-191: 00 00 00 00 00 00 00 00 00 00 00 00 00 00 00 00
[ 6] 192-223: 00 00 00 00 00 00 01 11 01 01 00 00 01 11 00 00
[ 7] 224-255: 10 10 00 01 10 10 00 00 00 00 10 01 11 01 01 00

Pattern analysis:
00: 112 occurrences ( 87.5%)
     Positions: [0, 1, 2, 3, 4, 5, 6, 7, 8, 9, 10, 11, 12, 13, 14, 15, 16, 17, 18, 19, 20, 21, 22, 23, 24, 25, 26, 27, 28, 29, 30, 31, 32, 33, 34, 35, 36, 37, 38, 39, 40, 41, 42, 43, 44, 45, 46, 47, 48, 49, 50, 51, 52, 53, 54, 55, 56, 57, 58, 59, 60, 61, 62, 63, 64, 65, 66, 67, 68, 69, 70, 71, 72, 73, 74, 75, 76, 77, 78, 79, 80, 81, 82, 83, 84, 85, 86, 87, 88, 89, 90, 91, 92, 93, 94, 95, 96, 97, 98, 99, 100, 101, 106, 107, 110, 111, 114, 118, 119, 120, 121, 127]
01:   8 occurrences (  6.2%)
     Positions: [102, 104, 105, 108, 115, 123, 125, 126]
10:   5 occurrences (  3.9%)
     Positions: [112, 113, 116, 117, 122]
11:   3 occurrences (  2.3%)
     Positions: [103, 109, 124]

----------------------------------------------------------------------

String 52:
Hex: 000000000000000000000000000000000000000000000000000efae164cb9e3c

2-bit patterns across 256 bits:
[ 0]   0-31 : 00 00 00 00 00 00 00 00 00 00 00 00 00 00 00 00
[ 1]  32-63 : 00 00 00 00 00 00 00 00 00 00 00 00 00 00 00 00
[ 2]  64-95 : 00 00 00 00 00 00 00 00 00 00 00 00 00 00 00 00
[ 3]  96-127: 00 00 00 00 00 00 00 00 00 00 00 00 00 00 00 00
[ 4] 128-159: 00 00 00 00 00 00 00 00 00 00 00 00 00 00 00 00
[ 5] 160-191: 00 00 00 00 00 00 00 00 00 00 00 00 00 00 00 00
[ 6] 192-223: 00 00 00 00 00 00 11 10 11 11 10 10 11 10 00 01
[ 7] 224-255: 01 10 01 00 11 00 10 11 10 01 11 10 00 11 11 00

Pattern analysis:
00: 107 occurrences ( 83.6%)
     Positions: [0, 1, 2, 3, 4, 5, 6, 7, 8, 9, 10, 11, 12, 13, 14, 15, 16, 17, 18, 19, 20, 21, 22, 23, 24, 25, 26, 27, 28, 29, 30, 31, 32, 33, 34, 35, 36, 37, 38, 39, 40, 41, 42, 43, 44, 45, 46, 47, 48, 49, 50, 51, 52, 53, 54, 55, 56, 57, 58, 59, 60, 61, 62, 63, 64, 65, 66, 67, 68, 69, 70, 71, 72, 73, 74, 75, 76, 77, 78, 79, 80, 81, 82, 83, 84, 85, 86, 87, 88, 89, 90, 91, 92, 93, 94, 95, 96, 97, 98, 99, 100, 101, 110, 115, 117, 124, 127]
01:   4 occurrences (  3.1%)
     Positions: [111, 112, 114, 121]
10:   8 occurrences (  6.2%)
     Positions: [103, 106, 107, 109, 113, 118, 120, 123]
11:   9 occurrences (  7.0%)
     Positions: [102, 104, 105, 108, 116, 119, 122, 125, 126]

----------------------------------------------------------------------

String 53:
Hex: 00000000000000000000000000000000000000000000000000180788e47e326c

2-bit patterns across 256 bits:
[ 0]   0-31 : 00 00 00 00 00 00 00 00 00 00 00 00 00 00 00 00
[ 1]  32-63 : 00 00 00 00 00 00 00 00 00 00 00 00 00 00 00 00
[ 2]  64-95 : 00 00 00 00 00 00 00 00 00 00 00 00 00 00 00 00
[ 3]  96-127: 00 00 00 00 00 00 00 00 00 00 00 00 00 00 00 00
[ 4] 128-159: 00 00 00 00 00 00 00 00 00 00 00 00 00 00 00 00
[ 5] 160-191: 00 00 00 00 00 00 00 00 00 00 00 00 00 00 00 00
[ 6] 192-223: 00 00 00 00 00 01 10 00 00 00 01 11 10 00 10 00
[ 7] 224-255: 11 10 01 00 01 11 11 10 00 11 00 10 01 10 11 00

Pattern analysis:
00: 110 occurrences ( 85.9%)
     Positions: [0, 1, 2, 3, 4, 5, 6, 7, 8, 9, 10, 11, 12, 13, 14, 15, 16, 17, 18, 19, 20, 21, 22, 23, 24, 25, 26, 27, 28, 29, 30, 31, 32, 33, 34, 35, 36, 37, 38, 39, 40, 41, 42, 43, 44, 45, 46, 47, 48, 49, 50, 51, 52, 53, 54, 55, 56, 57, 58, 59, 60, 61, 62, 63, 64, 65, 66, 67, 68, 69, 70, 71, 72, 73, 74, 75, 76, 77, 78, 79, 80, 81, 82, 83, 84, 85, 86, 87, 88, 89, 90, 91, 92, 93, 94, 95, 96, 97, 98, 99, 100, 103, 104, 105, 109, 111, 115, 120, 122, 127]
01:   5 occurrences (  3.9%)
     Positions: [101, 106, 114, 116, 124]
10:   7 occurrences (  5.5%)
     Positions: [102, 108, 110, 113, 119, 123, 125]
11:   6 occurrences (  4.7%)
     Positions: [107, 112, 117, 118, 121, 126]

----------------------------------------------------------------------

String 54:
Hex: 00000000000000000000000000000000000000000000000000236fb6d5ad1f43

2-bit patterns across 256 bits:
[ 0]   0-31 : 00 00 00 00 00 00 00 00 00 00 00 00 00 00 00 00
[ 1]  32-63 : 00 00 00 00 00 00 00 00 00 00 00 00 00 00 00 00
[ 2]  64-95 : 00 00 00 00 00 00 00 00 00 00 00 00 00 00 00 00
[ 3]  96-127: 00 00 00 00 00 00 00 00 00 00 00 00 00 00 00 00
[ 4] 128-159: 00 00 00 00 00 00 00 00 00 00 00 00 00 00 00 00
[ 5] 160-191: 00 00 00 00 00 00 00 00 00 00 00 00 00 00 00 00
[ 6] 192-223: 00 00 00 00 00 10 00 11 01 10 11 11 10 11 01 10
[ 7] 224-255: 11 01 01 01 10 10 11 01 00 01 11 11 01 00 00 11

Pattern analysis:
00: 105 occurrences ( 82.0%)
     Positions: [0, 1, 2, 3, 4, 5, 6, 7, 8, 9, 10, 11, 12, 13, 14, 15, 16, 17, 18, 19, 20, 21, 22, 23, 24, 25, 26, 27, 28, 29, 30, 31, 32, 33, 34, 35, 36, 37, 38, 39, 40, 41, 42, 43, 44, 45, 46, 47, 48, 49, 50, 51, 52, 53, 54, 55, 56, 57, 58, 59, 60, 61, 62, 63, 64, 65, 66, 67, 68, 69, 70, 71, 72, 73, 74, 75, 76, 77, 78, 79, 80, 81, 82, 83, 84, 85, 86, 87, 88, 89, 90, 91, 92, 93, 94, 95, 96, 97, 98, 99, 100, 102, 120, 125, 126]
01:   8 occurrences (  6.2%)
     Positions: [104, 110, 113, 114, 115, 119, 121, 124]
10:   6 occurrences (  4.7%)
     Positions: [101, 105, 108, 111, 116, 117]
11:   9 occurrences (  7.0%)
     Positions: [103, 106, 107, 109, 112, 118, 122, 123, 127]

----------------------------------------------------------------------

String 55:
Hex: 000000000000000000000000000000000000000000000000006abe1f9b67e114

2-bit patterns across 256 bits:
[ 0]   0-31 : 00 00 00 00 00 00 00 00 00 00 00 00 00 00 00 00
[ 1]  32-63 : 00 00 00 00 00 00 00 00 00 00 00 00 00 00 00 00
[ 2]  64-95 : 00 00 00 00 00 00 00 00 00 00 00 00 00 00 00 00
[ 3]  96-127: 00 00 00 00 00 00 00 00 00 00 00 00 00 00 00 00
[ 4] 128-159: 00 00 00 00 00 00 00 00 00 00 00 00 00 00 00 00
[ 5] 160-191: 00 00 00 00 00 00 00 00 00 00 00 00 00 00 00 00
[ 6] 192-223: 00 00 00 00 01 10 10 10 10 11 11 10 00 01 11 11
[ 7] 224-255: 10 01 10 11 01 10 01 11 11 10 00 01 00 01 01 00

Pattern analysis:
00: 104 occurrences ( 81.2%)
     Positions: [0, 1, 2, 3, 4, 5, 6, 7, 8, 9, 10, 11, 12, 13, 14, 15, 16, 17, 18, 19, 20, 21, 22, 23, 24, 25, 26, 27, 28, 29, 30, 31, 32, 33, 34, 35, 36, 37, 38, 39, 40, 41, 42, 43, 44, 45, 46, 47, 48, 49, 50, 51, 52, 53, 54, 55, 56, 57, 58, 59, 60, 61, 62, 63, 64, 65, 66, 67, 68, 69, 70, 71, 72, 73, 74, 75, 76, 77, 78, 79, 80, 81, 82, 83, 84, 85, 86, 87, 88, 89, 90, 91, 92, 93, 94, 95, 96, 97, 98, 99, 108, 122, 124, 127]
01:   8 occurrences (  6.2%)
     Positions: [100, 109, 113, 116, 118, 123, 125, 126]
10:   9 occurrences (  7.0%)
     Positions: [101, 102, 103, 104, 107, 112, 114, 117, 121]
11:   7 occurrences (  5.5%)
     Positions: [105, 106, 110, 111, 115, 119, 120]

----------------------------------------------------------------------

String 56:
Hex: 000000000000000000000000000000000000000000000000009d18b63ac4ffdf

2-bit patterns across 256 bits:
[ 0]   0-31 : 00 00 00 00 00 00 00 00 00 00 00 00 00 00 00 00
[ 1]  32-63 : 00 00 00 00 00 00 00 00 00 00 00 00 00 00 00 00
[ 2]  64-95 : 00 00 00 00 00 00 00 00 00 00 00 00 00 00 00 00
[ 3]  96-127: 00 00 00 00 00 00 00 00 00 00 00 00 00 00 00 00
[ 4] 128-159: 00 00 00 00 00 00 00 00 00 00 00 00 00 00 00 00
[ 5] 160-191: 00 00 00 00 00 00 00 00 00 00 00 00 00 00 00 00
[ 6] 192-223: 00 00 00 00 10 01 11 01 00 01 10 00 10 11 01 10
[ 7] 224-255: 00 11 10 10 11 00 01 00 11 11 11 11 11 01 11 11

Pattern analysis:
00: 105 occurrences ( 82.0%)
     Positions: [0, 1, 2, 3, 4, 5, 6, 7, 8, 9, 10, 11, 12, 13, 14, 15, 16, 17, 18, 19, 20, 21, 22, 23, 24, 25, 26, 27, 28, 29, 30, 31, 32, 33, 34, 35, 36, 37, 38, 39, 40, 41, 42, 43, 44, 45, 46, 47, 48, 49, 50, 51, 52, 53, 54, 55, 56, 57, 58, 59, 60, 61, 62, 63, 64, 65, 66, 67, 68, 69, 70, 71, 72, 73, 74, 75, 76, 77, 78, 79, 80, 81, 82, 83, 84, 85, 86, 87, 88, 89, 90, 91, 92, 93, 94, 95, 96, 97, 98, 99, 104, 107, 112, 117, 119]
01:   6 occurrences (  4.7%)
     Positions: [101, 103, 105, 110, 118, 125]
10:   6 occurrences (  4.7%)
     Positions: [100, 106, 108, 111, 114, 115]
11:  11 occurrences (  8.6%)
     Positions: [102, 109, 113, 116, 120, 121, 122, 123, 124, 126, 127]

----------------------------------------------------------------------

String 57:
Hex: 00000000000000000000000000000000000000000000000001eb25c90795d61c

2-bit patterns across 256 bits:
[ 0]   0-31 : 00 00 00 00 00 00 00 00 00 00 00 00 00 00 00 00
[ 1]  32-63 : 00 00 00 00 00 00 00 00 00 00 00 00 00 00 00 00
[ 2]  64-95 : 00 00 00 00 00 00 00 00 00 00 00 00 00 00 00 00
[ 3]  96-127: 00 00 00 00 00 00 00 00 00 00 00 00 00 00 00 00
[ 4] 128-159: 00 00 00 00 00 00 00 00 00 00 00 00 00 00 00 00
[ 5] 160-191: 00 00 00 00 00 00 00 00 00 00 00 00 00 00 00 00
[ 6] 192-223: 00 00 00 01 11 10 10 11 00 10 01 01 11 00 10 01
[ 7] 224-255: 00 00 01 11 10 01 01 01 11 01 01 10 00 01 11 00

Pattern analysis:
00: 105 occurrences ( 82.0%)
     Positions: [0, 1, 2, 3, 4, 5, 6, 7, 8, 9, 10, 11, 12, 13, 14, 15, 16, 17, 18, 19, 20, 21, 22, 23, 24, 25, 26, 27, 28, 29, 30, 31, 32, 33, 34, 35, 36, 37, 38, 39, 40, 41, 42, 43, 44, 45, 46, 47, 48, 49, 50, 51, 52, 53, 54, 55, 56, 57, 58, 59, 60, 61, 62, 63, 64, 65, 66, 67, 68, 69, 70, 71, 72, 73, 74, 75, 76, 77, 78, 79, 80, 81, 82, 83, 84, 85, 86, 87, 88, 89, 90, 91, 92, 93, 94, 95, 96, 97, 98, 104, 109, 112, 113, 124, 127]
01:  11 occurrences (  8.6%)
     Positions: [99, 106, 107, 111, 114, 117, 118, 119, 121, 122, 125]
10:   6 occurrences (  4.7%)
     Positions: [101, 102, 105, 110, 116, 123]
11:   6 occurrences (  4.7%)
     Positions: [100, 103, 108, 115, 120, 126]

----------------------------------------------------------------------

String 58:
Hex: 00000000000000000000000000000000000000000000000002c675b852189a21

2-bit patterns across 256 bits:
[ 0]   0-31 : 00 00 00 00 00 00 00 00 00 00 00 00 00 00 00 00
[ 1]  32-63 : 00 00 00 00 00 00 00 00 00 00 00 00 00 00 00 00
[ 2]  64-95 : 00 00 00 00 00 00 00 00 00 00 00 00 00 00 00 00
[ 3]  96-127: 00 00 00 00 00 00 00 00 00 00 00 00 00 00 00 00
[ 4] 128-159: 00 00 00 00 00 00 00 00 00 00 00 00 00 00 00 00
[ 5] 160-191: 00 00 00 00 00 00 00 00 00 00 00 00 00 00 00 00
[ 6] 192-223: 00 00 00 10 11 00 01 10 01 11 01 01 10 11 10 00
[ 7] 224-255: 01 01 00 10 00 01 10 00 10 01 10 10 00 10 00 01

Pattern analysis:
00: 106 occurrences ( 82.8%)
     Positions: [0, 1, 2, 3, 4, 5, 6, 7, 8, 9, 10, 11, 12, 13, 14, 15, 16, 17, 18, 19, 20, 21, 22, 23, 24, 25, 26, 27, 28, 29, 30, 31, 32, 33, 34, 35, 36, 37, 38, 39, 40, 41, 42, 43, 44, 45, 46, 47, 48, 49, 50, 51, 52, 53, 54, 55, 56, 57, 58, 59, 60, 61, 62, 63, 64, 65, 66, 67, 68, 69, 70, 71, 72, 73, 74, 75, 76, 77, 78, 79, 80, 81, 82, 83, 84, 85, 86, 87, 88, 89, 90, 91, 92, 93, 94, 95, 96, 97, 98, 101, 111, 114, 116, 119, 124, 126]
01:   9 occurrences (  7.0%)
     Positions: [102, 104, 106, 107, 112, 113, 117, 121, 127]
10:  10 occurrences (  7.8%)
     Positions: [99, 103, 108, 110, 115, 118, 120, 122, 123, 125]
11:   3 occurrences (  2.3%)
     Positions: [100, 105, 109]

----------------------------------------------------------------------

String 59:
Hex: 00000000000000000000000000000000000000000000000007496cbb87cab44f

2-bit patterns across 256 bits:
[ 0]   0-31 : 00 00 00 00 00 00 00 00 00 00 00 00 00 00 00 00
[ 1]  32-63 : 00 00 00 00 00 00 00 00 00 00 00 00 00 00 00 00
[ 2]  64-95 : 00 00 00 00 00 00 00 00 00 00 00 00 00 00 00 00
[ 3]  96-127: 00 00 00 00 00 00 00 00 00 00 00 00 00 00 00 00
[ 4] 128-159: 00 00 00 00 00 00 00 00 00 00 00 00 00 00 00 00
[ 5] 160-191: 00 00 00 00 00 00 00 00 00 00 00 00 00 00 00 00
[ 6] 192-223: 00 00 01 11 01 00 10 01 01 10 11 00 10 11 10 11
[ 7] 224-255: 10 00 01 11 11 00 10 10 10 11 01 00 01 00 11 11

Pattern analysis:
00: 104 occurrences ( 81.2%)
     Positions: [0, 1, 2, 3, 4, 5, 6, 7, 8, 9, 10, 11, 12, 13, 14, 15, 16, 17, 18, 19, 20, 21, 22, 23, 24, 25, 26, 27, 28, 29, 30, 31, 32, 33, 34, 35, 36, 37, 38, 39, 40, 41, 42, 43, 44, 45, 46, 47, 48, 49, 50, 51, 52, 53, 54, 55, 56, 57, 58, 59, 60, 61, 62, 63, 64, 65, 66, 67, 68, 69, 70, 71, 72, 73, 74, 75, 76, 77, 78, 79, 80, 81, 82, 83, 84, 85, 86, 87, 88, 89, 90, 91, 92, 93, 94, 95, 96, 97, 101, 107, 113, 117, 123, 125]
01:   7 occurrences (  5.5%)
     Positions: [98, 100, 103, 104, 114, 122, 124]
10:   8 occurrences (  6.2%)
     Positions: [102, 105, 108, 110, 112, 118, 119, 120]
11:   9 occurrences (  7.0%)
     Positions: [99, 106, 109, 111, 115, 116, 121, 126, 127]

----------------------------------------------------------------------

String 60:
Hex: 0000000000000000000000000000000000000000000000000fc07a1825367bbe

2-bit patterns across 256 bits:
[ 0]   0-31 : 00 00 00 00 00 00 00 00 00 00 00 00 00 00 00 00
[ 1]  32-63 : 00 00 00 00 00 00 00 00 00 00 00 00 00 00 00 00
[ 2]  64-95 : 00 00 00 00 00 00 00 00 00 00 00 00 00 00 00 00
[ 3]  96-127: 00 00 00 00 00 00 00 00 00 00 00 00 00 00 00 00
[ 4] 128-159: 00 00 00 00 00 00 00 00 00 00 00 00 00 00 00 00
[ 5] 160-191: 00 00 00 00 00 00 00 00 00 00 00 00 00 00 00 00
[ 6] 192-223: 00 00 11 11 11 00 00 00 01 11 10 10 00 01 10 00
[ 7] 224-255: 00 10 01 01 00 11 01 10 01 11 10 11 10 11 11 10

Pattern analysis:
00: 105 occurrences ( 82.0%)
     Positions: [0, 1, 2, 3, 4, 5, 6, 7, 8, 9, 10, 11, 12, 13, 14, 15, 16, 17, 18, 19, 20, 21, 22, 23, 24, 25, 26, 27, 28, 29, 30, 31, 32, 33, 34, 35, 36, 37, 38, 39, 40, 41, 42, 43, 44, 45, 46, 47, 48, 49, 50, 51, 52, 53, 54, 55, 56, 57, 58, 59, 60, 61, 62, 63, 64, 65, 66, 67, 68, 69, 70, 71, 72, 73, 74, 75, 76, 77, 78, 79, 80, 81, 82, 83, 84, 85, 86, 87, 88, 89, 90, 91, 92, 93, 94, 95, 96, 97, 101, 102, 103, 108, 111, 112, 116]
01:   6 occurrences (  4.7%)
     Positions: [104, 109, 114, 115, 118, 120]
10:   8 occurrences (  6.2%)
     Positions: [106, 107, 110, 113, 119, 122, 124, 127]
11:   9 occurrences (  7.0%)
     Positions: [98, 99, 100, 105, 117, 121, 123, 125, 126]

----------------------------------------------------------------------

String 61:
Hex: 00000000000000000000000000000000000000000000000013c96a3742f64906

2-bit patterns across 256 bits:
[ 0]   0-31 : 00 00 00 00 00 00 00 00 00 00 00 00 00 00 00 00
[ 1]  32-63 : 00 00 00 00 00 00 00 00 00 00 00 00 00 00 00 00
[ 2]  64-95 : 00 00 00 00 00 00 00 00 00 00 00 00 00 00 00 00
[ 3]  96-127: 00 00 00 00 00 00 00 00 00 00 00 00 00 00 00 00
[ 4] 128-159: 00 00 00 00 00 00 00 00 00 00 00 00 00 00 00 00
[ 5] 160-191: 00 00 00 00 00 00 00 00 00 00 00 00 00 00 00 00
[ 6] 192-223: 00 01 00 11 11 00 10 01 01 10 10 10 00 11 01 11
[ 7] 224-255: 01 00 00 10 11 11 01 10 01 00 10 01 00 00 01 10

Pattern analysis:
00: 105 occurrences ( 82.0%)
     Positions: [0, 1, 2, 3, 4, 5, 6, 7, 8, 9, 10, 11, 12, 13, 14, 15, 16, 17, 18, 19, 20, 21, 22, 23, 24, 25, 26, 27, 28, 29, 30, 31, 32, 33, 34, 35, 36, 37, 38, 39, 40, 41, 42, 43, 44, 45, 46, 47, 48, 49, 50, 51, 52, 53, 54, 55, 56, 57, 58, 59, 60, 61, 62, 63, 64, 65, 66, 67, 68, 69, 70, 71, 72, 73, 74, 75, 76, 77, 78, 79, 80, 81, 82, 83, 84, 85, 86, 87, 88, 89, 90, 91, 92, 93, 94, 95, 96, 98, 101, 108, 113, 114, 121, 124, 125]
01:   9 occurrences (  7.0%)
     Positions: [97, 103, 104, 110, 112, 118, 120, 123, 126]
10:   8 occurrences (  6.2%)
     Positions: [102, 105, 106, 107, 115, 119, 122, 127]
11:   6 occurrences (  4.7%)
     Positions: [99, 100, 109, 111, 116, 117]

----------------------------------------------------------------------

String 62:
Hex: 000000000000000000000000000000000000000000000000363d541eb611abee

2-bit patterns across 256 bits:
[ 0]   0-31 : 00 00 00 00 00 00 00 00 00 00 00 00 00 00 00 00
[ 1]  32-63 : 00 00 00 00 00 00 00 00 00 00 00 00 00 00 00 00
[ 2]  64-95 : 00 00 00 00 00 00 00 00 00 00 00 00 00 00 00 00
[ 3]  96-127: 00 00 00 00 00 00 00 00 00 00 00 00 00 00 00 00
[ 4] 128-159: 00 00 00 00 00 00 00 00 00 00 00 00 00 00 00 00
[ 5] 160-191: 00 00 00 00 00 00 00 00 00 00 00 00 00 00 00 00
[ 6] 192-223: 00 11 01 10 00 11 11 01 01 01 01 00 00 01 11 10
[ 7] 224-255: 10 11 01 10 00 01 00 01 10 10 10 11 11 10 11 10

Pattern analysis:
00: 102 occurrences ( 79.7%)
     Positions: [0, 1, 2, 3, 4, 5, 6, 7, 8, 9, 10, 11, 12, 13, 14, 15, 16, 17, 18, 19, 20, 21, 22, 23, 24, 25, 26, 27, 28, 29, 30, 31, 32, 33, 34, 35, 36, 37, 38, 39, 40, 41, 42, 43, 44, 45, 46, 47, 48, 49, 50, 51, 52, 53, 54, 55, 56, 57, 58, 59, 60, 61, 62, 63, 64, 65, 66, 67, 68, 69, 70, 71, 72, 73, 74, 75, 76, 77, 78, 79, 80, 81, 82, 83, 84, 85, 86, 87, 88, 89, 90, 91, 92, 93, 94, 95, 96, 100, 107, 108, 116, 118]
01:   9 occurrences (  7.0%)
     Positions: [98, 103, 104, 105, 106, 109, 114, 117, 119]
10:   9 occurrences (  7.0%)
     Positions: [99, 111, 112, 115, 120, 121, 122, 125, 127]
11:   8 occurrences (  6.2%)
     Positions: [97, 101, 102, 110, 113, 123, 124, 126]

----------------------------------------------------------------------

String 63:
Hex: 0000000000000000000000000000000000000000000000007cce5efdaccf6808

2-bit patterns across 256 bits:
[ 0]   0-31 : 00 00 00 00 00 00 00 00 00 00 00 00 00 00 00 00
[ 1]  32-63 : 00 00 00 00 00 00 00 00 00 00 00 00 00 00 00 00
[ 2]  64-95 : 00 00 00 00 00 00 00 00 00 00 00 00 00 00 00 00
[ 3]  96-127: 00 00 00 00 00 00 00 00 00 00 00 00 00 00 00 00
[ 4] 128-159: 00 00 00 00 00 00 00 00 00 00 00 00 00 00 00 00
[ 5] 160-191: 00 00 00 00 00 00 00 00 00 00 00 00 00 00 00 00
[ 6] 192-223: 01 11 11 00 11 00 11 10 01 01 11 10 11 11 11 01
[ 7] 224-255: 10 10 11 00 11 00 11 11 01 10 10 00 00 00 10 00

Pattern analysis:
00: 104 occurrences ( 81.2%)
     Positions: [0, 1, 2, 3, 4, 5, 6, 7, 8, 9, 10, 11, 12, 13, 14, 15, 16, 17, 18, 19, 20, 21, 22, 23, 24, 25, 26, 27, 28, 29, 30, 31, 32, 33, 34, 35, 36, 37, 38, 39, 40, 41, 42, 43, 44, 45, 46, 47, 48, 49, 50, 51, 52, 53, 54, 55, 56, 57, 58, 59, 60, 61, 62, 63, 64, 65, 66, 67, 68, 69, 70, 71, 72, 73, 74, 75, 76, 77, 78, 79, 80, 81, 82, 83, 84, 85, 86, 87, 88, 89, 90, 91, 92, 93, 94, 95, 99, 101, 115, 117, 123, 124, 125, 127]
01:   5 occurrences (  3.9%)
     Positions: [96, 104, 105, 111, 120]
10:   7 occurrences (  5.5%)
     Positions: [103, 107, 112, 113, 121, 122, 126]
11:  12 occurrences (  9.4%)
     Positions: [97, 98, 100, 102, 106, 108, 109, 110, 114, 116, 118, 119]

----------------------------------------------------------------------

String 64:
Hex: 000000000000000000000000000000000000000000000000f7051f27b09112d4

2-bit patterns across 256 bits:
[ 0]   0-31 : 00 00 00 00 00 00 00 00 00 00 00 00 00 00 00 00
[ 1]  32-63 : 00 00 00 00 00 00 00 00 00 00 00 00 00 00 00 00
[ 2]  64-95 : 00 00 00 00 00 00 00 00 00 00 00 00 00 00 00 00
[ 3]  96-127: 00 00 00 00 00 00 00 00 00 00 00 00 00 00 00 00
[ 4] 128-159: 00 00 00 00 00 00 00 00 00 00 00 00 00 00 00 00
[ 5] 160-191: 00 00 00 00 00 00 00 00 00 00 00 00 00 00 00 00
[ 6] 192-223: 11 11 01 11 00 00 01 01 00 01 11 11 00 10 01 11
[ 7] 224-255: 10 11 00 00 10 01 00 01 00 01 00 10 11 01 01 00

Pattern analysis:
00: 106 occurrences ( 82.8%)
     Positions: [0, 1, 2, 3, 4, 5, 6, 7, 8, 9, 10, 11, 12, 13, 14, 15, 16, 17, 18, 19, 20, 21, 22, 23, 24, 25, 26, 27, 28, 29, 30, 31, 32, 33, 34, 35, 36, 37, 38, 39, 40, 41, 42, 43, 44, 45, 46, 47, 48, 49, 50, 51, 52, 53, 54, 55, 56, 57, 58, 59, 60, 61, 62, 63, 64, 65, 66, 67, 68, 69, 70, 71, 72, 73, 74, 75, 76, 77, 78, 79, 80, 81, 82, 83, 84, 85, 86, 87, 88, 89, 90, 91, 92, 93, 94, 95, 100, 101, 104, 108, 114, 115, 118, 120, 122, 127]
01:  10 occurrences (  7.8%)
     Positions: [98, 102, 103, 105, 110, 117, 119, 121, 125, 126]
10:   4 occurrences (  3.1%)
     Positions: [109, 112, 116, 123]
11:   8 occurrences (  6.2%)
     Positions: [96, 97, 99, 106, 107, 111, 113, 124]

----------------------------------------------------------------------

String 65:
Hex: 000000000000000000000000000000000000000000000001a838b13505b26867

2-bit patterns across 256 bits:
[ 0]   0-31 : 00 00 00 00 00 00 00 00 00 00 00 00 00 00 00 00
[ 1]  32-63 : 00 00 00 00 00 00 00 00 00 00 00 00 00 00 00 00
[ 2]  64-95 : 00 00 00 00 00 00 00 00 00 00 00 00 00 00 00 00
[ 3]  96-127: 00 00 00 00 00 00 00 00 00 00 00 00 00 00 00 00
[ 4] 128-159: 00 00 00 00 00 00 00 00 00 00 00 00 00 00 00 00
[ 5] 160-191: 00 00 00 00 00 00 00 00 00 00 00 00 00 00 00 01
[ 6] 192-223: 10 10 10 00 00 11 10 00 10 11 00 01 00 11 01 01
[ 7] 224-255: 00 00 01 01 10 11 00 10 01 10 10 00 01 10 01 11

Pattern analysis:
00: 104 occurrences ( 81.2%)
     Positions: [0, 1, 2, 3, 4, 5, 6, 7, 8, 9, 10, 11, 12, 13, 14, 15, 16, 17, 18, 19, 20, 21, 22, 23, 24, 25, 26, 27, 28, 29, 30, 31, 32, 33, 34, 35, 36, 37, 38, 39, 40, 41, 42, 43, 44, 45, 46, 47, 48, 49, 50, 51, 52, 53, 54, 55, 56, 57, 58, 59, 60, 61, 62, 63, 64, 65, 66, 67, 68, 69, 70, 71, 72, 73, 74, 75, 76, 77, 78, 79, 80, 81, 82, 83, 84, 85, 86, 87, 88, 89, 90, 91, 92, 93, 94, 99, 100, 103, 106, 108, 112, 113, 118, 123]
01:   9 occurrences (  7.0%)
     Positions: [95, 107, 110, 111, 114, 115, 120, 124, 126]
10:  10 occurrences (  7.8%)
     Positions: [96, 97, 98, 102, 104, 116, 119, 121, 122, 125]
11:   5 occurrences (  3.9%)
     Positions: [101, 105, 109, 117, 127]

----------------------------------------------------------------------

