0000000000000000000000000000000000000000000000000000000000000001
0000000000000000000000000000000000000000000000000000000000000003
0000000000000000000000000000000000000000000000000000000000000000
0000000000000000000000000000000000000000000000000000000000000005
0000000000000000000000000000000000000000000000000000000000000011
000000000000000000000000000000000000000000000000000000000000000c
0000000000000000000000000000000000000000000000000000000000000060
00000000000000000000000000000000000000000000000000000000000000d3
0000000000000000000000000000000000000000000000000000000000000202
0000000000000000000000000000000000000000000000000000000000000483
0000000000000000000000000000000000000000000000000000000000000a7b
0000000000000000000000000000000000000000000000000000000000001460
0000000000000000000000000000000000000000000000000000000000002930
00000000000000000000000000000000000000000000000000000000000068f3
000000000000000000000000000000000000000000000000000000000000c936
00000000000000000000000000000000000000000000000000000000a3f80014
00000000000000000000000000000000000000000000000000000000339525ce
00000000000000000000000000000000000000000000000000000000f7d991d9
00000000000000000000000000000000000000000000000000000000cbcf2450
00000000000000000000000000000000000000000000000000000000283d8f81
00000000000000000000000000000000000000000000000000000000becb1249
00000000000000000000000000000000000000000000000000000000ac67201e
0000000000000000000000000000000000000000000000000000000000000008
0000000000000000000000000000000000000000000000000000000000000015
0000000000000000000000000000000000000000000000000000000000000031
000000000000000000000000000000000000000000000000000000000000004c
00000000000000000000000000000000000000000000000000000000000000e0
0000000000000000000000000000000000000000000000000000000000000008
0000000000000000000000000000000000000000000000000000000000000015
0000000000000000000000000000000000000000000000000000000000000031
000000000000000000000000000000000000000000000000000000000000004c
00000000000000000000000000000000000000000000000000000000000000e0
0000000000000000000000000000000000000000000000000000000000000008
0000000000000000000000000000000000000000000000000000000000000015
0000000000000000000000000000000000000000000000000000000000000031
000000000000000000000000000000000000000000000000000000000000004c
00000000000000000000000000000000000000000000000000000000000000e0
0000000000000000000000000000000000000000000000000000000000000008
0000000000000000000000000000000000000000000000000000000000000015
0000000000000000000000000000000000000000000000000000000000000031
000000000000000000000000000000000000000000000000000000000000004c
00000000000000000000000000000000000000000000000000000000000000e0
0000000000000000000000000000000000000000000000000000000000000008
0000000000000000000000000000000000000000000000000000000000000015
0000000000000000000000000000000000000000000000000000000000000031
000000000000000000000000000000000000000000000000000000000000004c
00000000000000000000000000000000000000000000000000000000000000e0
0000000000000000000000000000000000000000000000000000000000000008
0000000000000000000000000000000000000000000000000000000000000015
0000000000000000000000000000000000000000000000000000000000000031
000000000000000000000000000000000000000000000000000000000000004c
00000000000000000000000000000000000000000000000000000000000000e0
0000000000000000000000000000000000000000000000000000000000000008
0000000000000000000000000000000000000000000000000000000000000015
0000000000000000000000000000000000000000000000000000000000000031
000000000000000000000000000000000000000000000000000000000000004c
00000000000000000000000000000000000000000000000000000000000000e0
0000000000000000000000000000000000000000000000000000000000000008
0000000000000000000000000000000000000000000000000000000000000015
0000000000000000000000000000000000000000000000000000000000000031
000000000000000000000000000000000000000000000000000000000000004c
00000000000000000000000000000000000000000000000000000000000000e0
0000000000000000000000000000000000000000000000000000000000000008
0000000000000000000000000000000000000000000000000000000000000015
0000000000000000000000000000000000000000000000000000000000000031
000000000000000000000000000000000000000000000000000000000000004c
00000000000000000000000000000000000000000000000000000000000000e0
0000000000000000000000000000000000000000000000000000000000000008
0000000000000000000000000000000000000000000000000000000000000015
0000000000000000000000000000000000000000000000000000000000000031
000000000000000000000000000000000000000000000000000000000000004c
00000000000000000000000000000000000000000000000000000000000000e0
0000000000000000000000000000000000000000000000000000000000000008
0000000000000000000000000000000000000000000000000000000000000015
0000000000000000000000000000000000000000000000000000000000000031
000000000000000000000000000000000000000000000000000000000000004c
00000000000000000000000000000000000000000000000000000000000000e0
0000000000000000000000000000000000000000000000000000000000000008
0000000000000000000000000000000000000000000000000000000000000015
0000000000000000000000000000000000000000000000000000000000000031
000000000000000000000000000000000000000000000000000000000000004c
00000000000000000000000000000000000000000000000000000000000000e0
0000000000000000000000000000000000000000000000000000000000000008
0000000000000000000000000000000000000000000000000000000000000015
0000000000000000000000000000000000000000000000000000000000000031
000000000000000000000000000000000000000000000000000000000000004c
00000000000000000000000000000000000000000000000000000000000000e0
0000000000000000000000000000000000000000000000000000000000000008
0000000000000000000000000000000000000000000000000000000000000015
0000000000000000000000000000000000000000000000000000000000000031
000000000000000000000000000000000000000000000000000000000000004c
00000000000000000000000000000000000000000000000000000000000000e0
0000000000000000000000000000000000000000000000000000000000000008
0000000000000000000000000000000000000000000000000000000000000015
0000000000000000000000000000000000000000000000000000000000000031
000000000000000000000000000000000000000000000000000000000000004c
00000000000000000000000000000000000000000000000000000000000000e0
0000000000000000000000000000000000000000000000000000000000000008
0000000000000000000000000000000000000000000000000000000000000015
0000000000000000000000000000000000000000000000000000000000000031
000000000000000000000000000000000000000000000000000000000000004c
00000000000000000000000000000000000000000000000000000000000000e0
0000000000000000000000000000000000000000000000000000000000000008
0000000000000000000000000000000000000000000000000000000000000015
0000000000000000000000000000000000000000000000000000000000000031
000000000000000000000000000000000000000000000000000000000000004c
00000000000000000000000000000000000000000000000000000000000000e0
0000000000000000000000000000000000000000000000000000000000000008
0000000000000000000000000000000000000000000000000000000000000015
0000000000000000000000000000000000000000000000000000000000000031
000000000000000000000000000000000000000000000000000000000000004c
00000000000000000000000000000000000000000000000000000000000000e0
0000000000000000000000000000000000000000000000000000000000000008
0000000000000000000000000000000000000000000000000000000000000015
0000000000000000000000000000000000000000000000000000000000000031
000000000000000000000000000000000000000000000000000000000000004c
00000000000000000000000000000000000000000000000000000000000000e0
0000000000000000000000000000000000000000000000000000000000000008
0000000000000000000000000000000000000000000000000000000000000015
0000000000000000000000000000000000000000000000000000000000000031
000000000000000000000000000000000000000000000000000000000000004c
00000000000000000000000000000000000000000000000000000000000000e0
0000000000000000000000000000000000000000000000000000000000000008
0000000000000000000000000000000000000000000000000000000000000015
0000000000000000000000000000000000000000000000000000000000000031
000000000000000000000000000000000000000000000000000000000000004c
00000000000000000000000000000000000000000000000000000000000000e0
0000000000000000000000000000000000000000000000000000000000000008
0000000000000000000000000000000000000000000000000000000000000015
0000000000000000000000000000000000000000000000000000000000000031
000000000000000000000000000000000000000000000000000000000000004c
00000000000000000000000000000000000000000000000000000000000000e0
0000000000000000000000000000000000000000000000000000000000000008
0000000000000000000000000000000000000000000000000000000000000015
0000000000000000000000000000000000000000000000000000000000000031
000000000000000000000000000000000000000000000000000000000000004c
00000000000000000000000000000000000000000000000000000000000000e0
0000000000000000000000000000000000000000000000000000000000000008
0000000000000000000000000000000000000000000000000000000000000015
0000000000000000000000000000000000000000000000000000000000000031
000000000000000000000000000000000000000000000000000000000000004c
00000000000000000000000000000000000000000000000000000000000000e0
0000000000000000000000000000000000000000000000000000000000000008
0000000000000000000000000000000000000000000000000000000000000015
0000000000000000000000000000000000000000000000000000000000000031
000000000000000000000000000000000000000000000000000000000000004c
00000000000000000000000000000000000000000000000000000000000000e0
0000000000000000000000000000000000000000000000000000000000000008
0000000000000000000000000000000000000000000000000000000000000015
0000000000000000000000000000000000000000000000000000000000000031
000000000000000000000000000000000000000000000000000000000000004c
00000000000000000000000000000000000000000000000000000000000000e0
0000000000000000000000000000000000000000000000000000000000000008
0000000000000000000000000000000000000000000000000000000000000015
0000000000000000000000000000000000000000000000000000000000000031
000000000000000000000000000000000000000000000000000000000000004c
00000000000000000000000000000000000000000000000000000000000000e0
0000000000000000000000000000000000000000000000000000000000000008
0000000000000000000000000000000000000000000000000000000000000015
0000000000000000000000000000000000000000000000000000000000000031
