0000000000000000000000000000000000000000000000000000000000000001
0000000000000000000000000000000000000000000000000000000000000003
0000000000000000000000000000000000000000000000000000000000000000
0000000000000000000000000000000000000000000000000000000000000005
0000000000000000000000000000000000000000000000000000000000000011
000000000000000000000000000000000000000000000000000000000000000c
0000000000000000000000000000000000000000000000000000000000000060
00000000000000000000000000000000000000000000000000000000000000d3
0000000000000000000000000000000000000000000000000000000000000202
0000000000000000000000000000000000000000000000000000000000000483
0000000000000000000000000000000000000000000000000000000000000a7b
0000000000000000000000000000000000000000000000000000000000001460
0000000000000000000000000000000000000000000000000000000000002930
00000000000000000000000000000000000000000000000000000000000068f3
000000000000000000000000000000000000000000000000000000000000c936
00000000000000000000000000000000000000000000000000000000000053a3
000000000000000000000000000000000000000000000000000000000000a130
0000000000000000000000000000000000000000000000000000000000014bcc
0000000000000000000000000000000000000000000000000000000000034a86
0000000000000000000000000000000000000000000000000000000000064523
0000000000000000000000000000000000000000000000000000000000029f18
0000000000000000000000000000000000000000000000000000000000051980
00000000000000000000000000000000000000000000000000000000000a4e60
00000000000000000000000000000000000000000000000000000000001a3433
000000000000000000000000000000000000000000000000000000000032491b
000000000000000000000000000000000000000000000000000000000014f6c0
000000000000000000000000000000000000000000000000000000000028c000
0000000000000000000000000000000000000000000000000000000000526300
0000000000000000000000000000000000000000000000000000000000d1e198
00000000000000000000000000000000000000000000000000000000019268d8
0000000000000000000000000000000000000000000000000000000000a7b000
0000000000000000000000000000000000000000000000000000000001460000
0000000000000000000000000000000000000000000000000000000002930000
00000000000000000000000000000000000000000000000000000000068f3cc0
000000000000000000000000000000000000000000000000000000000c9366c0
00000000000000000000000000000000000000000000000000000000053d8000
000000000000000000000000000000000000000000000000000000000a300000
0000000000000000000000000000000000000000000000000000000014980000
0000000000000000000000000000000000000000000000000000000034798600
00000000000000000000000000000000000000000000000000000000649b1600
0000000000000000000000000000000000000000000000000000000029ec0000
0000000000000000000000000000000000000000000000000000000051800000
00000000000000000000000000000000000000000000000000000000a4c00000
00000000000000000000000000000000000000000000000000000000a3cc0000
0000000000000000000000000000000000000000000000000000000024d81000
000000000000000000000000000000000000000000000000000000004f600000
000000000000000000000000000000000000000000000000000000008c000000
0000000000000000000000000000000000000000000000000000000026000000
000000000000000000000000000000000000000000000000000000001e600000
0000000000000000000000000000000000000000000000000000000026c00000
000000000000000000000000000000000000000000000000000000007b000000
0000000000000000000000000000000000000000000000000000000060000000
0000000000000000000000000000000000000000000000000000000030000000
00000000000000000000000000000000000000000000000000000000f3000000
0000000000000000000000000000000000000000000000000000000036000000
00000000000000000000000000000000000000000000000000000000d8000000
0000000000000000000000000000000000000000000000000000000000000000
0000000000000000000000000000000000000000000000000000000080000000
0000000000000000000000000000000000000000000000000000000098000000
00000000000000000000000000000000000000000000000000000000b0000000
00000000000000000000000000000000000000000000000000000000c0000000
0000000000000000000000000000000000000000000000000000000000000000
0000000000000000000000000000000000000000000000000000000000000000
00000000000000000000000000000000000000000000000000000000c0000000
0000000000000000000000000000000000000000000000000000000080000000
0000000000000000000000000000000000000000000000000000000000000000
0000000000000000000000000000000000000000000000000000000000000000
0000000000000000000000000000000000000000000000000000000000000000
0000000000000000000000000000000000000000000000000000000000000000
0000000000000000000000000000000000000000000000000000000000000000
0000000000000000000000000000000000000000000000000000000000000000
0000000000000000000000000000000000000000000000000000000000000000
0000000000000000000000000000000000000000000000000000000000000000
0000000000000000000000000000000000000000000000000000000000000000
0000000000000000000000000000000000000000000000000000000000000000
0000000000000000000000000000000000000000000000000000000000000000
0000000000000000000000000000000000000000000000000000000000000000
0000000000000000000000000000000000000000000000000000000000000000
0000000000000000000000000000000000000000000000000000000000000000
0000000000000000000000000000000000000000000000000000000000000000
0000000000000000000000000000000000000000000000000000000000000000
0000000000000000000000000000000000000000000000000000000000000000
0000000000000000000000000000000000000000000000000000000000000000
0000000000000000000000000000000000000000000000000000000000000000
0000000000000000000000000000000000000000000000000000000000000000
0000000000000000000000000000000000000000000000000000000000000000
0000000000000000000000000000000000000000000000000000000000000000
0000000000000000000000000000000000000000000000000000000000000000
0000000000000000000000000000000000000000000000000000000000000000
0000000000000000000000000000000000000000000000000000000000000000
0000000000000000000000000000000000000000000000000000000000000000
0000000000000000000000000000000000000000000000000000000000000000
0000000000000000000000000000000000000000000000000000000000000000
0000000000000000000000000000000000000000000000000000000000000000
0000000000000000000000000000000000000000000000000000000000000000
0000000000000000000000000000000000000000000000000000000000000000
0000000000000000000000000000000000000000000000000000000000000000
0000000000000000000000000000000000000000000000000000000000000000
0000000000000000000000000000000000000000000000000000000000000000
0000000000000000000000000000000000000000000000000000000000000000
0000000000000000000000000000000000000000000000000000000000000000
0000000000000000000000000000000000000000000000000000000000000000
0000000000000000000000000000000000000000000000000000000000000000
0000000000000000000000000000000000000000000000000000000000000000
0000000000000000000000000000000000000000000000000000000000000000
0000000000000000000000000000000000000000000000000000000000000000
0000000000000000000000000000000000000000000000000000000000000000
0000000000000000000000000000000000000000000000000000000000000000
0000000000000000000000000000000000000000000000000000000000000000
0000000000000000000000000000000000000000000000000000000000000000
0000000000000000000000000000000000000000000000000000000000000000
0000000000000000000000000000000000000000000000000000000000000000
0000000000000000000000000000000000000000000000000000000000000000
0000000000000000000000000000000000000000000000000000000000000000
0000000000000000000000000000000000000000000000000000000000000000
0000000000000000000000000000000000000000000000000000000000000000
0000000000000000000000000000000000000000000000000000000000000000
0000000000000000000000000000000000000000000000000000000000000000
0000000000000000000000000000000000000000000000000000000000000000
0000000000000000000000000000000000000000000000000000000000000000
0000000000000000000000000000000000000000000000000000000000000000
0000000000000000000000000000000000000000000000000000000000000000
0000000000000000000000000000000000000000000000000000000000000000
0000000000000000000000000000000000000000000000000000000000000000
0000000000000000000000000000000000000000000000000000000000000000
0000000000000000000000000000000000000000000000000000000000000000
0000000000000000000000000000000000000000000000000000000000000000
0000000000000000000000000000000000000000000000000000000000000000
0000000000000000000000000000000000000000000000000000000000000000
0000000000000000000000000000000000000000000000000000000000000000
0000000000000000000000000000000000000000000000000000000000000000
0000000000000000000000000000000000000000000000000000000000000000
0000000000000000000000000000000000000000000000000000000000000000
0000000000000000000000000000000000000000000000000000000000000000
0000000000000000000000000000000000000000000000000000000000000000
0000000000000000000000000000000000000000000000000000000000000000
0000000000000000000000000000000000000000000000000000000000000000
0000000000000000000000000000000000000000000000000000000000000000
0000000000000000000000000000000000000000000000000000000000000000
0000000000000000000000000000000000000000000000000000000000000000
0000000000000000000000000000000000000000000000000000000000000000
0000000000000000000000000000000000000000000000000000000000000000
0000000000000000000000000000000000000000000000000000000000000000
0000000000000000000000000000000000000000000000000000000000000000
0000000000000000000000000000000000000000000000000000000000000000
0000000000000000000000000000000000000000000000000000000000000000
0000000000000000000000000000000000000000000000000000000000000000
0000000000000000000000000000000000000000000000000000000000000000
0000000000000000000000000000000000000000000000000000000000000000
0000000000000000000000000000000000000000000000000000000000000000
0000000000000000000000000000000000000000000000000000000000000000
0000000000000000000000000000000000000000000000000000000000000000
0000000000000000000000000000000000000000000000000000000000000000
0000000000000000000000000000000000000000000000000000000000000000
0000000000000000000000000000000000000000000000000000000000000000
0000000000000000000000000000000000000000000000000000000000000000
0000000000000000000000000000000000000000000000000000000000000000
0000000000000000000000000000000000000000000000000000000000000000
0000000000000000000000000000000000000000000000000000000000000000
0000000000000000000000000000000000000000000000000000000000000000
