0000000000000000000000000000000000000000000000000000000000000001
0000000000000000000000000000000000000000000000000000000000000003
0000000000000000000000000000000000000000000000000000000000000008
0000000000000000000000000000000000000000000000000000000000000015
0000000000000000000000000000000000000000000000000000000000000031
000000000000000000000000000000000000000000000000000000000000004c
00000000000000000000000000000000000000000000000000000000000000e0
00000000000000000000000000000000000000000000000000000000000001d3
00000000000000000000000000000000000000000000000000000000000001d3
00000000000000000000000000000000000000000000000000000000000001d3
00000000000000000000000000000000000000000000000000000000000001d3
00000000000000000000000000000000000000000000000000000000000001d3
00000000000000000000000000000000000000000000000000000000000001d3
00000000000000000000000000000000000000000000000000000000000001d3
00000000000000000000000000000000000000000000000000000000000001d3
00000000000000000000000000000000000000000000000000000000000001d3
00000000000000000000000000000000000000000000000000000000000001d3
00000000000000000000000000000000000000000000000000000000000001d3
00000000000000000000000000000000000000000000000000000000000001d3
00000000000000000000000000000000000000000000000000000000000001d3
00000000000000000000000000000000000000000000000000000000000001d3
00000000000000000000000000000000000000000000000000000000000001d3
00000000000000000000000000000000000000000000000000000000000001d3
00000000000000000000000000000000000000000000000000000000000001d3
00000000000000000000000000000000000000000000000000000000000001d3
00000000000000000000000000000000000000000000000000000000000001d3
00000000000000000000000000000000000000000000000000000000000001d3
00000000000000000000000000000000000000000000000000000000000001d3
00000000000000000000000000000000000000000000000000000000000001d3
00000000000000000000000000000000000000000000000000000000000001d3
00000000000000000000000000000000000000000000000000000000000001d3
00000000000000000000000000000000000000000000000000000000000001d3
00000000000000000000000000000000000000000000000000000000000001d3
00000000000000000000000000000000000000000000000000000000000001d3
00000000000000000000000000000000000000000000000000000000000001d3
00000000000000000000000000000000000000000000000000000000000001d3
00000000000000000000000000000000000000000000000000000000000001d3
00000000000000000000000000000000000000000000000000000000000001d3
00000000000000000000000000000000000000000000000000000000000001d3
00000000000000000000000000000000000000000000000000000000000001d3
00000000000000000000000000000000000000000000000000000000000001d3
00000000000000000000000000000000000000000000000000000000000001d3
00000000000000000000000000000000000000000000000000000000000001d3
00000000000000000000000000000000000000000000000000000000000001d3
00000000000000000000000000000000000000000000000000000000000001d3
00000000000000000000000000000000000000000000000000000000000001d3
00000000000000000000000000000000000000000000000000000000000001d3
00000000000000000000000000000000000000000000000000000000000001d3
00000000000000000000000000000000000000000000000000000000000001d3
00000000000000000000000000000000000000000000000000000000000001d3
00000000000000000000000000000000000000000000000000000000000001d3
00000000000000000000000000000000000000000000000000000000000001d3
00000000000000000000000000000000000000000000000000000000000001d3
00000000000000000000000000000000000000000000000000000000000001d3
00000000000000000000000000000000000000000000000000000000000001d3
00000000000000000000000000000000000000000000000000000000000001d3
00000000000000000000000000000000000000000000000000000000000001d3
00000000000000000000000000000000000000000000000000000000000001d3
00000000000000000000000000000000000000000000000000000000000001d3
00000000000000000000000000000000000000000000000000000000000001d3
00000000000000000000000000000000000000000000000000000000000001d3
00000000000000000000000000000000000000000000000000000000000001d3
00000000000000000000000000000000000000000000000000000000000001d3
00000000000000000000000000000000000000000000000000000000000001d3
00000000000000000000000000000000000000000000000000000000000001d3
00000000000000000000000000000000000000000000000000000000000001d3
00000000000000000000000000000000000000000000000000000000000001d3
00000000000000000000000000000000000000000000000000000000000001d3
00000000000000000000000000000000000000000000000000000000000001d3
00000000000000000000000000000000000000000000000000000000000001d3
00000000000000000000000000000000000000000000000000000000000001d3
00000000000000000000000000000000000000000000000000000000000001d3
00000000000000000000000000000000000000000000000000000000000001d3
00000000000000000000000000000000000000000000000000000000000001d3
00000000000000000000000000000000000000000000000000000000000001d3
00000000000000000000000000000000000000000000000000000000000001d3
00000000000000000000000000000000000000000000000000000000000001d3
00000000000000000000000000000000000000000000000000000000000001d3
00000000000000000000000000000000000000000000000000000000000001d3
00000000000000000000000000000000000000000000000000000000000001d3
00000000000000000000000000000000000000000000000000000000000001d3
00000000000000000000000000000000000000000000000000000000000001d3
00000000000000000000000000000000000000000000000000000000000001d3
00000000000000000000000000000000000000000000000000000000000001d3
00000000000000000000000000000000000000000000000000000000000001d3
00000000000000000000000000000000000000000000000000000000000001d3
00000000000000000000000000000000000000000000000000000000000001d3
00000000000000000000000000000000000000000000000000000000000001d3
00000000000000000000000000000000000000000000000000000000000001d3
00000000000000000000000000000000000000000000000000000000000001d3
00000000000000000000000000000000000000000000000000000000000001d3
00000000000000000000000000000000000000000000000000000000000001d3
00000000000000000000000000000000000000000000000000000000000001d3
00000000000000000000000000000000000000000000000000000000000001d3
00000000000000000000000000000000000000000000000000000000000001d3
00000000000000000000000000000000000000000000000000000000000001d3
00000000000000000000000000000000000000000000000000000000000001d3
00000000000000000000000000000000000000000000000000000000000001d3
00000000000000000000000000000000000000000000000000000000000001d3
00000000000000000000000000000000000000000000000000000000000001d3
00000000000000000000000000000000000000000000000000000000000001d3
00000000000000000000000000000000000000000000000000000000000001d3
00000000000000000000000000000000000000000000000000000000000001d3
00000000000000000000000000000000000000000000000000000000000001d3
00000000000000000000000000000000000000000000000000000000000001d3
00000000000000000000000000000000000000000000000000000000000001d3
00000000000000000000000000000000000000000000000000000000000001d3
00000000000000000000000000000000000000000000000000000000000001d3
00000000000000000000000000000000000000000000000000000000000001d3
00000000000000000000000000000000000000000000000000000000000001d3
00000000000000000000000000000000000000000000000000000000000001d3
00000000000000000000000000000000000000000000000000000000000001d3
00000000000000000000000000000000000000000000000000000000000001d3
00000000000000000000000000000000000000000000000000000000000001d3
00000000000000000000000000000000000000000000000000000000000001d3
00000000000000000000000000000000000000000000000000000000000001d3
00000000000000000000000000000000000000000000000000000000000001d3
00000000000000000000000000000000000000000000000000000000000001d3
00000000000000000000000000000000000000000000000000000000000001d3
00000000000000000000000000000000000000000000000000000000000001d3
00000000000000000000000000000000000000000000000000000000000001d3
00000000000000000000000000000000000000000000000000000000000001d3
00000000000000000000000000000000000000000000000000000000000001d3
00000000000000000000000000000000000000000000000000000000000001d3
00000000000000000000000000000000000000000000000000000000000001d3
00000000000000000000000000000000000000000000000000000000000001d3
00000000000000000000000000000000000000000000000000000000000001d3
00000000000000000000000000000000000000000000000000000000000001d3
00000000000000000000000000000000000000000000000000000000000001d3
00000000000000000000000000000000000000000000000000000000000001d3
00000000000000000000000000000000000000000000000000000000000001d3
00000000000000000000000000000000000000000000000000000000000001d3
00000000000000000000000000000000000000000000000000000000000001d3
00000000000000000000000000000000000000000000000000000000000001d3
00000000000000000000000000000000000000000000000000000000000001d3
00000000000000000000000000000000000000000000000000000000000001d3
00000000000000000000000000000000000000000000000000000000000001d3
00000000000000000000000000000000000000000000000000000000000001d3
00000000000000000000000000000000000000000000000000000000000001d3
00000000000000000000000000000000000000000000000000000000000001d3
00000000000000000000000000000000000000000000000000000000000001d3
00000000000000000000000000000000000000000000000000000000000001d3
00000000000000000000000000000000000000000000000000000000000001d3
00000000000000000000000000000000000000000000000000000000000001d3
00000000000000000000000000000000000000000000000000000000000001d3
00000000000000000000000000000000000000000000000000000000000001d3
00000000000000000000000000000000000000000000000000000000000001d3
00000000000000000000000000000000000000000000000000000000000001d3
00000000000000000000000000000000000000000000000000000000000001d3
00000000000000000000000000000000000000000000000000000000000001d3
00000000000000000000000000000000000000000000000000000000000001d3
00000000000000000000000000000000000000000000000000000000000001d3
00000000000000000000000000000000000000000000000000000000000001d3
00000000000000000000000000000000000000000000000000000000000001d3
00000000000000000000000000000000000000000000000000000000000001d3
00000000000000000000000000000000000000000000000000000000000001d3
00000000000000000000000000000000000000000000000000000000000001d3
00000000000000000000000000000000000000000000000000000000000001d3
00000000000000000000000000000000000000000000000000000000000001d3
00000000000000000000000000000000000000000000000000000000000001d3
