Powers of 2 Table (up to 2^16)
============================

2^0  = 1
2^1  = 2
2^2  = 4
2^3  = 8
2^4  = 16
2^5  = 32
2^6  = 64
2^7  = 128
2^8  = 256
2^9  = 512
2^10 = 1,024
2^11 = 2,048
2^12 = 4,096
2^13 = 8,192
2^14 = 16,384
2^15 = 32,768
2^16 = 65,536
2^17 = 131,072
2^18 = 262,144
2^19 = 524,288
2^20 = 1,048,576
2^21 = 2,097,152
2^22 = 4,194,304
2^23 = 8,388,608
2^24 = 16,777,216
2^25 = 33,554,432
2^26 = 67,108,864
2^27 = 134,217,728
2^28 = 268,435,456
2^29 = 536,870,912
2^30 = 1,073,741,824
2^31 = 2,147,483,648
2^32 = 4,294,967,296
2^33 = 8,589,934,592
2^34 = 17,179,869,184
2^35 = 34,359,738,368
2^36 = 68,719,476,736
2^37 = 137,438,953,472
2^38 = 274,877,906,944
2^39 = 549,755,813,888
2^40 = 1,099,511,627,776
2^41 = 2,199,023,255,552
2^42 = 4,398,046,511,104
2^43 = 8,796,093,022,208
2^44 = 17,592,186,044,416
2^45 = 35,184,372,088,832
2^46 = 70,368,744,177,664
2^47 = 140,737,488,355,328
2^48 = 281,474,976,710,656
2^49 = 562,949,953,421,312
2^50 = 1,125,899,906,842,624
2^51 = 2,251,799,813,685,248
2^52 = 4,503,599,627,370,496
2^53 = 9,007,199,254,740,992
2^54 = 18,014,398,509,481,984
2^55 = 36,028,797,018,963,968
2^56 = 72,057,594,037,927,936
2^57 = 144,115,188,075,855,872
2^58 = 288,230,376,151,711,744
2^59 = 576,460,752,303,423,488
2^60 = 1,152,921,504,606,846,976
2^61 = 2,305,843,009,213,693,952
2^62 = 4,611,686,018,427,387,904
2^63 = 9,223,372,036,854,775,808
2^64 = 18,446,744,073,709,551,616
2^65 = 36,893,488,147,419,103,232
2^66 = 73,786,976,294,838,206,464
2^67 = 147,573,952,589,676,412,928
2^68 = 295,147,905,179,352,825,856
2^69 = 590,295,810,358,705,651,712
2^70 = 1,180,591,620,717,411,303,424
2^71 = 2,361,183,241,434,822,606,848
2^72 = 4,722,366,482,869,645,213,696
2^73 = 9,444,732,965,739,290,427,392
2^74 = 18,889,465,931,478,580,854,784
2^75 = 37,778,931,862,957,161,709,568
2^76 = 75,557,863,725,914,323,419,136
2^77 = 151,115,727,451,828,646,838,272
2^78 = 302,231,454,903,657,293,676,544
2^79 = 604,462,909,807,314,587,353,088
2^80 = 1,208,925,819,614,629,174,706,176
2^81 = 2,417,851,639,229,258,349,412,352
2^82 = 4,835,703,278,458,516,698,824,704
2^83 = 9,671,406,556,917,033,397,649,408
2^84 = 19,342,813,113,834,066,795,298,816
2^85 = 38,685,626,227,668,133,590,597,632
2^86 = 77,371,252,455,336,267,181,195,264
2^87 = 154,742,504,910,672,534,362,390,528
2^88 = 309,485,009,821,345,068,724,781,056
2^89 = 618,970,019,642,690,137,449,562,112
2^90 = 1,237,940,039,285,380,274,899,124,224
2^91 = 2,475,880,078,570,760,549,798,248,448
2^92 = 4,951,760,157,141,521,099,596,496,896
2^93 = 9,903,520,314,283,042,199,192,993,792
2^94 = 19,807,040,628,566,084,398,385,987,584
2^95 = 39,614,081,257,132,168,796,771,975,168
2^96 = 79,228,162,514,264,337,593,543,950,336
2^97 = 158,456,325,028,528,675,187,087,900,672
2^98 = 316,912,650,057,057,350,374,175,801,344
2^99 = 633,825,300,114,114,700,748,351,602,688
2^100 = 1,267,650,600,228,229,401,496,703,205,376
2^101 = 2,535,301,200,456,458,802,993,406,410,752
2^102 = 5,070,602,400,912,917,605,986,812,821,504
2^103 = 10,141,204,801,825,835,211,973,625,643,008
2^104 = 20,282,409,603,651,670,423,947,251,286,016
2^105 = 40,564,819,207,303,340,847,894,502,572,032
2^106 = 81,129,638,414,606,681,695,789,005,144,064
2^107 = 162,259,276,829,213,363,391,578,010,288,128
2^108 = 324,518,553,658,426,726,783,156,020,576,256
2^109 = 649,037,107,316,853,453,566,312,041,152,512
2^110 = 1,298,074,214,633,706,907,132,624,082,305,024
2^111 = 2,596,148,429,267,413,814,265,248,164,610,048
2^112 = 5,192,296,858,534,827,628,530,496,329,220,096
2^113 = 10,384,593,717,069,655,257,060,992,658,440,192
2^114 = 20,769,187,434,139,310,514,121,985,316,880,384
2^115 = 41,538,374,868,278,621,028,243,970,633,760,768
2^116 = 83,076,749,736,557,242,056,487,941,267,521,536
2^117 = 166,153,499,473,114,484,112,975,882,535,043,072
2^118 = 332,306,998,946,228,968,225,951,765,070,086,144
2^119 = 664,613,997,892,457,936,451,903,530,140,172,288
2^120 = 1,329,227,995,784,915,872,903,807,060,280,344,576
2^121 = 2,658,455,991,569,831,745,807,614,120,560,689,152
2^122 = 5,316,911,983,139,663,491,615,228,241,121,378,304
2^123 = 10,633,823,966,279,326,983,230,456,482,242,756,608
2^124 = 21,267,647,932,558,653,966,460,912,964,485,513,216
2^125 = 42,535,295,865,117,307,932,921,825,928,971,026,432
2^126 = 85,070,591,730,234,615,865,843,651,857,942,052,864
2^127 = 170,141,183,460,469,231,731,687,303,715,884,105,728
2^128 = 340,282,366,920,938,463,463,374,607,431,768,211,456
2^129 = 680,564,733,841,876,926,926,749,214,863,536,422,912
2^130 = 1,361,129,467,683,753,853,853,498,429,727,072,845,824
2^131 = 2,722,258,935,367,507,707,706,996,859,454,145,691,648
2^132 = 5,444,517,870,735,015,415,413,993,718,908,291,383,296
2^133 = 10,889,035,741,470,030,830,827,987,437,816,582,766,592
2^134 = 21,778,071,482,940,061,661,655,974,875,633,165,533,184
2^135 = 43,556,142,965,880,123,323,311,949,751,266,331,066,368
2^136 = 87,112,285,931,760,246,646,623,899,502,532,662,132,736
2^137 = 174,224,571,863,520,493,293,247,799,005,065,324,265,472
2^138 = 348,449,143,727,040,986,586,495,598,010,130,648,530,944
2^139 = 696,898,287,454,081,973,172,991,196,020,261,297,061,888
2^140 = 1,393,796,574,908,163,946,345,982,392,040,522,594,123,776
2^141 = 2,787,593,149,816,327,892,691,964,784,081,045,188,247,552
2^142 = 5,575,186,299,632,655,785,383,929,568,162,090,376,495,104
2^143 = 11,150,372,599,265,311,570,767,859,136,324,180,752,990,208
2^144 = 22,300,745,198,530,623,141,535,718,272,648,361,505,980,416
2^145 = 44,601,490,397,061,246,283,071,436,545,296,723,011,960,832
2^146 = 89,202,980,794,122,492,566,142,873,090,593,446,023,921,664
2^147 = 178,405,961,588,244,985,132,285,746,181,186,892,047,843,328
2^148 = 356,811,923,176,489,970,264,571,492,362,373,784,095,686,656
2^149 = 713,623,846,352,979,940,529,142,984,724,747,568,191,373,312
2^150 = 1,427,247,692,705,959,881,058,285,969,449,495,136,382,746,624
2^151 = 2,854,495,385,411,919,762,116,571,938,898,990,272,765,493,248
2^152 = 5,708,990,770,823,839,524,233,143,877,797,980,545,530,986,496
2^153 = 11,417,981,541,647,679,048,466,287,755,595,961,091,061,972,992
2^154 = 22,835,963,083,295,358,096,932,575,511,191,922,182,123,945,984
2^155 = 45,671,926,166,590,716,193,865,151,022,383,844,364,247,891,968
2^156 = 91,343,852,333,181,432,387,730,302,044,767,688,728,495,783,936
2^157 = 182,687,704,666,362,864,775,460,604,089,535,377,456,991,567,872
2^158 = 365,375,409,332,725,729,550,921,208,179,070,754,913,983,135,744
2^159 = 730,750,818,665,451,459,101,842,416,358,141,509,827,966,271,488
2^160 = 1,461,501,637,330,902,918,203,684,832,716,283,019,655,932,542,976
2^161 = 2,923,003,274,661,805,836,407,369,665,432,566,039,311,865,085,952
2^162 = 5,846,006,549,323,611,672,814,739,330,865,132,078,623,730,171,904
2^163 = 11,692,013,098,647,223,345,629,478,661,730,264,157,247,460,343,808
2^164 = 23,384,026,197,294,446,691,258,957,323,460,528,314,494,920,687,616
2^165 = 46,768,052,394,588,893,382,517,914,646,921,056,628,989,841,375,232
2^166 = 93,536,104,789,177,786,765,035,829,293,842,113,257,979,682,750,464

2^167 = 187,072,209,578,355,573,530,071,658,587,684,226,515,959,365,500,928
2^168 = 374,144,419,156,711,147,060,143,317,175,368,453,031,918,731,001,856
2^169 = 748,288,838,313,422,294,120,286,634,350,736,906,063,837,462,003,712
2^170 = 1,496,577,676,626,844,588,240,573,268,701,473,812,127,674,924,007,424
2^171 = 2,993,155,353,253,689,176,481,146,537,403,947,624,255,349,848,014,848
2^172 = 5,986,310,706,507,378,352,962,293,074,807,895,248,510,699,696,029,696
2^173 = 11,972,621,413,014,756,705,924,586,149,615,790,497,021,399,392,059,392
2^174 = 23,945,242,826,029,513,411,849,172,299,231,580,994,042,798,784,118,784
2^175 = 47,890,485,652,059,026,823,698,344,598,463,161,988,085,597,568,237,568
2^176 = 95,780,971,304,118,053,647,396,689,196,926,323,976,171,195,136,475,136
2^177 = 191,561,942,608,236,107,294,793,378,393,852,647,952,342,390,272,950,272
2^178 = 383,123,885,216,472,214,589,586,756,787,705,295,904,684,780,545,900,544
2^179 = 766,247,770,432,944,429,179,173,513,575,410,591,809,369,561,091,801,088
2^180 = 1,532,495,540,865,888,858,358,347,027,150,821,183,618,739,122,183,602,176
2^181 = 3,064,991,081,731,777,716,716,694,054,300,642,367,237,478,244,367,204,352
2^182 = 6,129,982,163,463,555,433,433,388,108,601,284,734,474,956,488,734,408,704
2^183 = 12,259,964,326,927,110,866,866,776,217,202,569,468,949,912,977,468,817,408
2^184 = 24,519,928,653,854,221,733,733,552,434,405,138,937,899,825,954,937,634,816
2^185 = 49,039,857,307,708,443,467,467,104,868,810,277,875,799,651,909,875,269,632
2^186 = 98,079,714,615,416,886,934,934,209,737,620,555,751,599,303,819,750,539,264
2^187 = 196,159,429,230,833,773,869,868,419,475,241,111,503,198,607,639,501,078,528
2^188 = 392,318,858,461,667,547,739,736,838,950,482,223,006,397,215,279,002,157,056
2^189 = 784,637,716,923,335,095,479,473,677,900,964,446,012,794,430,558,004,314,112
2^190 = 1,569,275,433,846,670,190,958,947,355,801,928,892,025,588,861,116,008,628,224
2^191 = 3,138,550,867,693,340,381,917,894,711,603,857,784,051,177,722,232,017,256,448
2^192 = 6,277,101,735,386,680,763,835,789,423,207,715,568,102,355,444,464,034,512,896
2^193 = 12,554,203,470,773,361,527,671,578,846,415,431,136,204,710,888,928,069,025,792
2^194 = 25,108,406,941,546,723,055,343,157,692,830,862,272,409,421,777,856,138,051,584
2^195 = 50,216,813,883,093,446,110,686,315,385,661,724,544,818,843,555,712,276,103,168
2^196 = 100,433,627,766,186,892,221,372,630,771,323,449,089,637,687,111,424,552,206,336
2^197 = 200,867,255,532,373,784,442,745,261,542,646,898,179,275,374,222,849,104,412,672
2^198 = 401,734,511,064,747,568,885,490,523,085,293,796,358,550,748,445,698,208,825,344
2^199 = 803,469,022,129,495,137,770,981,046,170,587,592,717,101,496,891,396,417,650,688
2^200 = 1,606,938,044,258,990,275,541,962,092,341,175,185,434,202,993,782,792,835,301,376

2^16 = 65,536
3^16 = 43,046,721
4^16 = 4,294,967,296
5^16 = 152,587,890,625
6^16 = 2,821,109,907,456
7^16 = 33,232,930,569,601
8^16 = 281,474,976,710,656
9^16 = 1,853,020,188,851,841
10^16 = 10,000,000,000,000,000
11^16 = 45,949,729,863,572,161
12^16 = 184,884,258,895,036,416
13^16 = 665,416,609,183,179,841
14^16 = 2,178,309,373,346,105,856
15^16 = 6,568,408,346,274,414,062
16^16 = 18,446,744,073,709,551,616
17^16 = 48,611,241,006,242,343,361
18^16 = 121,439,531,096,594,535,321
19^16 = 286,242,305,150,981,579,321
20^16 = 655,360,000,000,000,000,000
21^16 = 1,478,754,731,025,445,760,000
22^16 = 3,257,483,409,856,000,000,000
23^16 = 7,044,234,255,261,464,000,000
24^16 = 15,012,495,550,149,408,000,000
25^16 = 31,381,059,609,211,000,000,000
26^16 = 64,531,246,229,348,000,000,000
27^16 = 130,459,631,458,221,000,000,000
28^16 = 260,919,262,916,442,000,000,000
29^16 = 516,987,882,084,000,000,000,000
30^16 = 1,016,000,000,000,000,000,000,000
31^16 = 1,977,326,743,000,000,000,000,000
32^16 = 3,814,697,265,625,000,000,000,000
33^16 = 7,291,000,000,000,000,000,000,000
34^16 = 13,841,287,201,000,000,000,000,000
35^16 = 26,136,000,000,000,000,000,000,000
36^16 = 48,879,000,000,000,000,000,000,000
37^16 = 90,850,000,000,000,000,000,000,000
38^16 = 167,961,600,000,000,000,000,000,000
39^16 = 308,915,776,000,000,000,000,000,000
40^16 = 565,000,000,000,000,000,000,000,000
41^16 = 1,028,000,000,000,000,000,000,000,000
42^16 = 1,864,000,000,000,000,000,000,000,000
43^16 = 3,365,000,000,000,000,000,000,000,000
44^16 = 6,050,000,000,000,000,000,000,000,000
45^16 = 10,830,000,000,000,000,000,000,000,000
46^16 = 19,300,000,000,000,000,000,000,000,000
47^16 = 34,200,000,000,000,000,000,000,000,000
48^16 = 60,300,000,000,000,000,000,000,000,000
49^16 = 105,800,000,000,000,000,000,000,000,000
50^16 = 184,900,000,000,000,000,000,000,000,000
51^16 = 321,000,000,000,000,000,000,000,000,000
52^16 = 555,000,000,000,000,000,000,000,000,000
53^16 = 955,000,000,000,000,000,000,000,000,000
54^16 = 1,635,000,000,000,000,000,000,000,000,000
55^16 = 2,785,000,000,000,000,000,000,000,000,000
56^16 = 4,720,000,000,000,000,000,000,000,000,000
57^16 = 7,970,000,000,000,000,000,000,000,000,000
58^16 = 13,400,000,000,000,000,000,000,000,000,000
59^16 = 22,500,000,000,000,000,000,000,000,000,000
60^16 = 37,600,000,000,000,000,000,000,000,000,000
61^16 = 62,700,000,000,000,000,000,000,000,000,000
62^16 = 104,000,000,000,000,000,000,000,000,000,000
63^16 = 171,000,000,000,000,000,000,000,000,000,000
64^16 = 281,000,000,000,000,000,000,000,000,000,000
65^16 = 459,000,000,000,000,000,000,000,000,000,000
66^16 = 747,000,000,000,000,000,000,000,000,000,000
67^16 = 1,210,000,000,000,000,000,000,000,000,000,000
68^16 = 1,955,000,000,000,000,000,000,000,000,000,000
69^16 = 3,150,000,000,000,000,000,000,000,000,000,000
70^16 = 5,060,000,000,000,000,000,000,000,000,000,000
71^16 = 8,100,000,000,000,000,000,000,000,000,000,000
72^16 = 12,900,000,000,000,000,000,000,000,000,000,000
73^16 = 20,500,000,000,000,000,000,000,000,000,000,000
74^16 = 32,400,000,000,000,000,000,000,000,000,000,000
75^16 = 51,000,000,000,000,000,000,000,000,000,000,000
76^16 = 80,000,000,000,000,000,000,000,000,000,000,000
77^16 = 125,000,000,000,000,000,000,000,000,000,000,000
78^16 = 195,000,000,000,000,000,000,000,000,000,000,000
79^16 = 303,000,000,000,000,000,000,000,000,000,000,000
80^16 = 470,000,000,000,000,000,000,000,000,000,000,000
81^16 = 727,000,000,000,000,000,000,000,000,000,000,000
82^16 = 1,122,000,000,000,000,000,000,000,000,000,000,000
83^16 = 1,728,000,000,000,000,000,000,000,000,000,000,000
84^16 = 2,656,000,000,000,000,000,000,000,000,000,000,000
85^16 = 4,074,000,000,000,000,000,000,000,000,000,000,000
86^16 = 6,235,000,000,000,000,000,000,000,000,000,000,000
87^16 = 9,520,000,000,000,000,000,000,000,000,000,000,000
88^16 = 14,500,000,000,000,000,000,000,000,000,000,000,000
89^16 = 22,000,000,000,000,000,000,000,000,000,000,000,000
90^16 = 33,300,000,000,000,000,000,000,000,000,000,000,000
91^16 = 50,300,000,000,000,000,000,000,000,000,000,000,000
92^16 = 76,000,000,000,000,000,000,000,000,000,000,000,000
93^16 = 115,000,000,000,000,000,000,000,000,000,000,000,000
94^16 = 174,000,000,000,000,000,000,000,000,000,000,000,000
95^16 = 262,000,000,000,000,000,000,000,000,000,000,000,000
96^16 = 395,000,000,000,000,000,000,000,000,000,000,000,000
97^16 = 595,000,000,000,000,000,000,000,000,000,000,000,000
98^16 = 895,000,000,000,000,000,000,000,000,000,000,000,000
99^16 = 1,345,000,000,000,000,000,000,000,000,000,000,000,000
100^16 = 2,020,000,000,000,000,000,000,000,000,000,000,000,000
101^16 = 3,035,000,000,000,000,000,000,000,000,000,000,000,000
102^16 = 4,560,000,000,000,000,000,000,000,000,000,000,000,000
103^16 = 6,850,000,000,000,000,000,000,000,000,000,000,000,000
104^16 = 10,280,000,000,000,000,000,000,000,000,000,000,000,000
105^16 = 15,420,000,000,000,000,000,000,000,000,000,000,000,000
106^16 = 23,130,000,000,000,000,000,000,000,000,000,000,000,000
107^16 = 34,700,000,000,000,000,000,000,000,000,000,000,000,000
108^16 = 52,050,000,000,000,000,000,000,000,000,000,000,000,000
109^16 = 78,080,000,000,000,000,000,000,000,000,000,000,000,000
110^16 = 117,120,000,000,000,000,000,000,000,000,000,000,000,000
111^16 = 175,680,000,000,000,000,000,000,000,000,000,000,000,000
112^16 = 263,520,000,000,000,000,000,000,000,000,000,000,000,000
113^16 = 395,280,000,000,000,000,000,000,000,000,000,000,000,000
114^16 = 592,920,000,000,000,000,000,000,000,000,000,000,000,000
115^16 = 889,380,000,000,000,000,000,000,000,000,000,000,000,000
116^16 = 1,334,070,000,000,000,000,000,000,000,000,000,000,000,000
117^16 = 2,001,110,000,000,000,000,000,000,000,000,000,000,000,000
118^16 = 3,001,660,000,000,000,000,000,000,000,000,000,000,000,000
119^16 = 4,502,490,000,000,000,000,000,000,000,000,000,000,000,000
120^16 = 6,753,740,000,000,000,000,000,000,000,000,000,000,000,000
121^16 = 10,130,610,000,000,000,000,000,000,000,000,000,000,000,000
122^16 = 15,195,920,000,000,000,000,000,000,000,000,000,000,000,000
123^16 = 22,793,880,000,000,000,000,000,000,000,000,000,000,000,000
124^16 = 34,190,820,000,000,000,000,000,000,000,000,000,000,000,000
125^16 = 51,286,230,000,000,000,000,000,000,000,000,000,000,000,000
126^16 = 76,929,350,000,000,000,000,000,000,000,000,000,000,000,000
127^16 = 115,394,020,000,000,000,000,000,000,000,000,000,000,000,000
128^16 = 173,091,030,000,000,000,000,000,000,000,000,000,000,000,000
129^16 = 259,636,550,000,000,000,000,000,000,000,000,000,000,000,000
130^16 = 389,454,820,000,000,000,000,000,000,000,000,000,000,000,000
131^16 = 584,182,230,000,000,000,000,000,000,000,000,000,000,000,000
132^16 = 876,273,350,000,000,000,000,000,000,000,000,000,000,000,000
133^16 = 1,314,410,020,000,000,000,000,000,000,000,000,000,000,000,000
134^16 = 1,971,615,030,000,000,000,000,000,000,000,000,000,000,000,000
135^16 = 2,957,422,550,000,000,000,000,000,000,000,000,000,000,000,000
136^16 = 4,436,133,820,000,000,000,000,000,000,000,000,000,000,000,000
137^16 = 6,654,200,730,000,000,000,000,000,000,000,000,000,000,000,000
138^16 = 9,981,301,100,000,000,000,000,000,000,000,000,000,000,000,000
139^16 = 14,971,951,650,000,000,000,000,000,000,000,000,000,000,000,000
140^16 = 22,457,927,470,000,000,000,000,000,000,000,000,000,000,000,000
141^16 = 33,686,891,210,000,000,000,000,000,000,000,000,000,000,000,000
142^16 = 50,530,336,810,000,000,000,000,000,000,000,000,000,000,000,000
143^16 = 75,795,505,220,000,000,000,000,000,000,000,000,000,000,000,000
144^16 = 113,693,257,830,000,000,000,000,000,000,000,000,000,000,000,000
145^16 = 170,539,886,740,000,000,000,000,000,000,000,000,000,000,000,000
146^16 = 255,809,830,110,000,000,000,000,000,000,000,000,000,000,000,000
147^16 = 383,714,745,170,000,000,000,000,000,000,000,000,000,000,000,000
148^16 = 575,572,117,750,000,000,000,000,000,000,000,000,000,000,000,000
149^16 = 863,358,176,630,000,000,000,000,000,000,000,000,000,000,000,000
150^16 = 1,295,037,264,940,000,000,000,000,000,000,000,000,000,000,000,000
151^16 = 1,942,555,897,410,000,000,000,000,000,000,000,000,000,000,000,000
152^16 = 2,913,833,846,120,000,000,000,000,000,000,000,000,000,000,000,000
153^16 = 4,370,750,769,180,000,000,000,000,000,000,000,000,000,000,000,000
154^16 = 6,556,126,153,770,000,000,000,000,000,000,000,000,000,000,000,000
155^16 = 9,834,189,230,650,000,000,000,000,000,000,000,000,000,000,000,000
156^16 = 14,751,283,845,980,000,000,000,000,000,000,000,000,000,000,000,000
157^16 = 22,126,925,768,970,000,000,000,000,000,000,000,000,000,000,000,000
158^16 = 33,190,388,653,450,000,000,000,000,000,000,000,000,000,000,000,000
159^16 = 49,785,582,980,180,000,000,000,000,000,000,000,000,000,000,000,000
160^16 = 74,678,374,470,270,000,000,000,000,000,000,000,000,000,000,000,000
161^16 = 112,017,561,705,400,000,000,000,000,000,000,000,000,000,000,000,000
162^16 = 168,026,342,558,100,000,000,000,000,000,000,000,000,000,000,000,000
163^16 = 252,039,513,837,150,000,000,000,000,000,000,000,000,000,000,000,000
164^16 = 378,059,270,755,730,000,000,000,000,000,000,000,000,000,000,000,000
165^16 = 567,088,906,133,590,000,000,000,000,000,000,000,000,000,000,000,000
166^16 = 850,633,359,200,390,000,000,000,000,000,000,000,000,000,000,000,000
167^16 = 1,275,950,038,800,580,000,000,000,000,000,000,000,000,000,000,000,000
168^16 = 1,913,925,058,200,870,000,000,000,000,000,000,000,000,000,000,000,000
169^16 = 2,870,887,587,301,310,000,000,000,000,000,000,000,000,000,000,000,000
170^16 = 4,306,331,380,951,960,000,000,000,000,000,000,000,000,000,000,000,000
171^16 = 6,459,497,071,427,940,000,000,000,000,000,000,000,000,000,000,000,000
172^16 = 9,689,245,607,141,910,000,000,000,000,000,000,000,000,000,000,000,000
173^16 = 14,533,868,410,712,870,000,000,000,000,000,000,000,000,000,000,000,000
174^16 = 21,800,802,616,069,300,000,000,000,000,000,000,000,000,000,000,000,000
175^16 = 32,701,203,924,103,950,000,000,000,000,000,000,000,000,000,000,000,000
176^16 = 49,051,805,886,155,930,000,000,000,000,000,000,000,000,000,000,000,000
177^16 = 73,577,708,829,233,890,000,000,000,000,000,000,000,000,000,000,000,000
178^16 = 110,366,563,243,850,840,000,000,000,000,000,000,000,000,000,000,000,000
179^16 = 165,549,844,865,776,260,000,000,000,000,000,000,000,000,000,000,000,000
180^16 = 248,324,767,298,664,390,000,000,000,000,000,000,000,000,000,000,000,000
181^16 = 372,487,150,947,996,580,000,000,000,000,000,000,000,000,000,000,000,000
182^16 = 558,730,726,421,994,870,000,000,000,000,000,000,000,000,000,000,000,000
183^16 = 838,096,089,632,992,310,000,000,000,000,000,000,000,000,000,000,000,000
184^16 = 1,257,144,134,449,488,500,000,000,000,000,000,000,000,000,000,000,000,000
185^16 = 1,885,716,201,674,232,700,000,000,000,000,000,000,000,000,000,000,000,000
186^16 = 2,828,574,302,511,349,100,000,000,000,000,000,000,000,000,000,000,000,000
187^16 = 4,242,861,453,767,023,600,000,000,000,000,000,000,000,000,000,000,000,000
188^16 = 6,364,292,180,650,535,400,000,000,000,000,000,000,000,000,000,000,000,000
189^16 = 9,546,438,270,975,803,100,000,000,000,000,000,000,000,000,000,000,000,000
190^16 = 14,319,657,406,463,704,700,000,000,000,000,000,000,000,000,000,000,000,000
191^16 = 21,479,486,109,695,557,000,000,000,000,000,000,000,000,000,000,000,000,000
192^16 = 32,219,229,164,543,335,500,000,000,000,000,000,000,000,000,000,000,000,000
193^16 = 48,328,843,746,815,003,300,000,000,000,000,000,000,000,000,000,000,000,000
194^16 = 72,493,265,620,222,504,900,000,000,000,000,000,000,000,000,000,000,000,000
195^16 = 108,739,898,430,333,757,400,000,000,000,000,000,000,000,000,000,000,000,000
196^16 = 163,109,847,645,500,636,100,000,000,000,000,000,000,000,000,000,000,000,000
197^16 = 244,664,771,468,250,954,100,000,000,000,000,000,000,000,000,000,000,000,000
198^16 = 366,997,157,202,376,431,200,000,000,000,000,000,000,000,000,000,000,000,000
199^16 = 550,495,735,803,564,646,800,000,000,000,000,000,000,000,000,000,000,000,000
200^16 = 825,743,603,705,346,970,200,000,000,000,000,000,000,000,000,000,000,000,000
201^16 = 1,238,615,405,558,020,500,000,000,000,000,000,000,000,000,000,000,000,000,000
202^16 = 1,857,923,108,337,030,700,000,000,000,000,000,000,000,000,000,000,000,000,000
203^16 = 2,786,884,662,505,546,100,000,000,000,000,000,000,000,000,000,000,000,000,000
204^16 = 4,180,326,993,758,319,100,000,000,000,000,000,000,000,000,000,000,000,000,000
205^16 = 6,270,490,490,637,478,700,000,000,000,000,000,000,000,000,000,000,000,000,000
206^16 = 9,405,735,735,956,218,000,000,000,000,000,000,000,000,000,000,000,000,000,000
207^16 = 14,108,603,603,934,327,000,000,000,000,000,000,000,000,000,000,000,000,000,000
208^16 = 21,162,905,405,901,490,500,000,000,000,000,000,000,000,000,000,000,000,000,000,000
209^16 = 31,744,358,108,852,235,800,000,000,000,000,000,000,000,000,000,000,000,000,000,000
210^16 = 47,616,537,163,278,353,700,000,000,000,000,000,000,000,000,000,000,000,000,000,000
211^16 = 71,424,805,744,917,530,600,000,000,000,000,000,000,000,000,000,000,000,000,000,000
212^16 = 107,137,208,617,376,295,900,000,000,000,000,000,000,000,000,000,000,000,000,000,000
213^16 = 160,705,812,926,064,443,800,000,000,000,000,000,000,000,000,000,000,000,000,000,000
214^16 = 241,058,719,389,096,665,700,000,000,000,000,000,000,000,000,000,000,000,000,000,000
215^16 = 361,588,079,083,644,998,600,000,000,000,000,000,000,000,000,000,000,000,000,000,000
216^16 = 542,382,118,625,467,497,900,000,000,000,000,000,000,000,000,000,000,000,000,000,000
217^16 = 813,573,177,938,201,246,800,000,000,000,000,000,000,000,000,000,000,000,000,000,000
218^16 = 1,220,359,766,907,301,870,200,000,000,000,000,000,000,000,000,000,000,000,000,000,000
219^16 = 1,830,539,650,360,952,805,300,000,000,000,000,000,000,000,000,000,000,000,000,000,000
220^16 = 2,745,809,475,541,429,208,000,000,000,000,000,000,000,000,000,000,000,000,000,000,000
221^16 = 4,118,714,213,312,143,812,000,000,000,000,000,000,000,000,000,000,000,000,000,000,000
222^16 = 6,178,071,319,968,215,718,000,000,000,000,000,000,000,000,000,000,000,000,000,000,000
223^16 = 9,267,106,979,952,323,577,000,000,000,000,000,000,000,000,000,000,000,000,000,000,000
224^16 = 13,900,660,469,928,485,365,500,000,000,000,000,000,000,000,000,000,000,000,000,000,000
225^16 = 20,850,990,704,892,728,048,300,000,000,000,000,000,000,000,000,000,000,000,000,000,000
226^16 = 31,276,486,057,339,092,072,400,000,000,000,000,000,000,000,000,000,000,000,000,000,000
227^16 = 46,914,729,086,008,638,108,600,000,000,000,000,000,000,000,000,000,000,000,000,000,000
228^16 = 70,372,093,629,012,957,162,900,000,000,000,000,000,000,000,000,000,000,000,000,000,000
229^16 = 105,558,140,443,519,435,744,400,000,000,000,000,000,000,000,000,000,000,000,000,000,000
230^16 = 158,337,210,665,279,153,616,600,000,000,000,000,000,000,000,000,000,000,000,000,000,000
231^16 = 237,505,815,997,918,730,424,900,000,000,000,000,000,000,000,000,000,000,000,000,000,000
232^16 = 356,258,723,996,878,095,637,400,000,000,000,000,000,000,000,000,000,000,000,000,000,000
233^16 = 534,388,085,995,317,143,456,100,000,000,000,000,000,000,000,000,000,000,000,000,000,000
234^16 = 801,582,128,992,975,715,184,100,000,000,000,000,000,000,000,000,000,000,000,000,000,000
235^16 = 1,202,373,193,489,463,572,776,200,000,000,000,000,000,000,000,000,000,000,000,000,000,000
236^16 = 1,803,559,790,234,195,359,164,300,000,000,000,000,000,000,000,000,000,000,000,000,000,000
237^16 = 2,705,339,685,351,293,038,746,400,000,000,000,000,000,000,000,000,000,000,000,000,000,000
238^16 = 4,058,009,528,026,939,558,119,600,000,000,000,000,000,000,000,000,000,000,000,000,000,000
239^16 = 6,087,014,292,040,409,337,179,400,000,000,000,000,000,000,000,000,000,000,000,000,000,000
240^16 = 9,130,521,438,060,614,005,769,100,000,000,000,000,000,000,000,000,000,000,000,000,000,000
241^16 = 13,695,782,157,090,921,008,653,700,000,000,000,000,000,000,000,000,000,000,000,000,000,000
242^16 = 20,543,673,235,636,381,512,980,500,000,000,000,000,000,000,000,000,000,000,000,000,000,000
243^16 = 30,815,509,853,454,572,269,470,800,000,000,000,000,000,000,000,000,000,000,000,000,000,000
244^16 = 46,223,264,780,181,858,404,206,200,000,000,000,000,000,000,000,000,000,000,000,000,000,000
245^16 = 69,334,897,170,272,787,606,309,300,000,000,000,000,000,000,000,000,000,000,000,000,000,000
246^16 = 104,002,345,755,409,181,409,464,000,000,000,000,000,000,000,000,000,000,000,000,000,000,000
247^16 = 156,003,518,633,113,772,114,196,000,000,000,000,000,000,000,000,000,000,000,000,000,000,000
248^16 = 234,005,277,949,670,658,171,294,000,000,000,000,000,000,000,000,000,000,000,000,000,000,000
249^16 = 351,007,916,924,505,987,256,941,000,000,000,000,000,000,000,000,000,000,000,000,000,000,000
250^16 = 526,511,875,386,758,980,885,411,500,000,000,000,000,000,000,000,000,000,000,000,000,000,000
251^16 = 789,767,813,080,138,471,328,117,300,000,000,000,000,000,000,000,000,000,000,000,000,000,000
252^16 = 1,184,651,719,620,207,706,992,175,900,000,000,000,000,000,000,000,000,000,000,000,000,000,000
253^16 = 1,776,977,579,430,311,560,488,263,800,000,000,000,000,000,000,000,000,000,000,000,000,000,000
254^16 = 2,665,466,369,145,467,340,732,395,700,000,000,000,000,000,000,000,000,000,000,000,000,000,000
255^16 = 3,998,199,553,718,201,011,098,593,600,000,000,000,000,000,000,000,000,000,000,000,000,000,000
256^16 = 5,997,299,330,577,301,516,647,890,400,000,000,000,000,000,000,000,000,000,000,000,000,000,000



16^1 = 16
16^2 = 256
16^3 = 4,096
16^4 = 65,536
16^5 = 1,048,576
16^6 = 16,777,216
16^7 = 268,435,456
16^8 = 4,294,967,296
16^9 = 68,719,476,736
16^10 = 1,099,511,627,776
16^11 = 17,592,186,044,416
16^12 = 281,474,976,710,656
16^13 = 4,503,599,627,370,496
16^14 = 72,057,594,037,927,936
16^15 = 1,152,921,504,606,846,976
16^16 = 18,446,744,073,709,551,616
16^17 = 295,147,905,179,352,825,856
16^18 = 4,722,366,482,869,645,213,696
16^19 = 75,557,863,725,914,323,419,136
16^20 = 1,208,925,819,614,629,174,706,176