1.000000e+00
3.000000e+00
8.000000e+00
2.100000e+01
4.900000e+01
7.600000e+01
2.240000e+02
4.670000e+02
5.140000e+02
1.155000e+03
2.683000e+03
5.216000e+03
1.054400e+04
2.686700e+04
5.151000e+04
9.582300e+04
1.986690e+05
3.575350e+05
8.633170e+05
1.811764e+06
3.007503e+06
5.598802e+06
1.442868e+07
3.318551e+07
5.453886e+07
1.119499e+08
2.276344e+08
4.007089e+08
1.033162e+09
2.102389e+09
3.093473e+09
7.137438e+09
1.413307e+10
2.011287e+10
4.238777e+10
1.002516e+11
1.469715e+11
3.237250e+11
1.003651e+12
1.458252e+12
2.895375e+12
7.409811e+12
1.540476e+13
1.999646e+13
5.140867e+13
1.196667e+14
1.912070e+14
4.091189e+14
6.111405e+14
2.058770e+15
4.216496e+15
6.763684e+15
9.974455e+15
3.004539e+16
4.421874e+16
1.382458e+17
1.999767e+17
5.250704e+17
1.135041e+18
1.425788e+18
3.908373e+18
8.993230e+18
1.779967e+19
3.056838e+19
4.634622e+19
