0000000000000000000000000000000000000000000000000000000000000001
0000000000000000000000000000000000000000000000000000000000000003
0000000000000000000000000000000000000000000000000000000000000007
0000000000000000000000000000000000000000000000000000000000000008
0000000000000000000000000000000000000000000000000000000000000015
0000000000000000000000000000000000000000000000000000000000000031
000000000000000000000000000000000000000000000000000000000000004c
00000000000000000000000000000000000000000000000000000000000000e0
0000000000000000000000000000000000000000000000000000000000000302
0000000000000000000000000000000000000000000000000000000000000253
00000000000000000000000000000000000000000000000000000000000000ee
00000000000000000000000000000000000000000000000000000000000003a5
0000000000000000000000000000000000000000000000000000000000003a5e
000000000000000000000000000000000000000000000000000000000000979d
0000000000000000000000000000000000000000000000000000000000039d09
0000000000000000000000000000000000000000000000000000000000060785
000000000000000000000000000000000000000000000000000000000018dee4
00000000000000000000000000000000000000000000000000000000018d8d3b
0000000000000000000000000000000000000000000000000000000063638806
00000000000000000000000000000000000000000000000000000000638e3038
00000000000000000000000000000000000000000000000000000000824906e7
00000000000000000000000000000000000000000000000000000000196d3b40
0000000000000000000000000000000000000000000000000000000096b600ed
00000000000000000000000000000000000000000000000000000000adcb6040
00000000000000000000000000000000000000000000000000000000cb6a9cb6
0000000000000000000000000000000000000000000000000000000034c7214e
00000000000000000000000000000000000000000000000000000000d5846111
000000000000000000000000000000000000000000000000000000005b100094
00000000000000000000000000000000000000000000000000000000c42dad00
000000000000000000000000000000000000000000000000000000002da142da
00000000000000000000000000000000000000000000000000000000b3312333
00000000000000000000000000000000000000000000000000000000daa2a8aa
000000000000000000000000000000000000000000000000000000002b400002
000000000000000000000000000000000000000000000000000000005015a080
0000000000000000000000000000000000000000000000000000000015a1815a
0000000000000000000000000000000000000000000000000000000014323543
00000000000000000000000000000000000000000000000000000000124e93a4
0000000000000000000000000000000000000000000000000000000004a0000e
0000000000000000000000000000000000000000000000000000000008025380
0000000000000000000000000000000000000000000000000000000002530025
0000000000000000000000000000000000000000000000000000000001066090
0000000000000000000000000000000000000000000000000000000004394e52
0000000000000000000000000000000000000000000000000000000003940019
000000000000000000000000000000000000000000000000000000000101cc40
0000000000000000000000000000000000000000000000000000000001cc501c
000000000000000000000000000000000000000000000000000000000108ca73
0000000000000000000000000000000000000000000000000000000000223082
00000000000000000000000000000000000000000000000000000000002380e2
0000000000000000000000000000000000000000000000000000000000602940
0000000000000000000000000000000000000000000000000000000000294202
0000000000000000000000000000000000000000000000000000000000202048
0000000000000000000000000000000000000000000000000000000000008529
0000000000000000000000000000000000000000000000000000000000085084
0000000000000000000000000000000000000000000000000000000000042528
0000000000000000000000000000000000000000000000000000000000052842
0000000000000000000000000000000000000000000000000000000000040400
0000000000000000000000000000000000000000000000000000000000009080
0000000000000000000000000000000000000000000000000000000000010a42
0000000000000000000000000000000000000000000000000000000000029005
0000000000000000000000000000000000000000000000000000000000000509
0000000000000000000000000000000000000000000000000000000000001485
0000000000000000000000000000000000000000000000000000000000005084
0000000000000000000000000000000000000000000000000000000000000902
0000000000000000000000000000000000000000000000000000000000004084
0000000000000000000000000000000000000000000000000000000000000400
0000000000000000000000000000000000000000000000000000000000001080
0000000000000000000000000000000000000000000000000000000000000010
0000000000000000000000000000000000000000000000000000000000000100
0000000000000000000000000000000000000000000000000000000000000000
0000000000000000000000000000000000000000000000000000000000000000
0000000000000000000000000000000000000000000000000000000000000000
0000000000000000000000000000000000000000000000000000000000000000
0000000000000000000000000000000000000000000000000000000000000000
0000000000000000000000000000000000000000000000000000000000000000
0000000000000000000000000000000000000000000000000000000000000000
0000000000000000000000000000000000000000000000000000000000000000
0000000000000000000000000000000000000000000000000000000000000000
0000000000000000000000000000000000000000000000000000000000000000
0000000000000000000000000000000000000000000000000000000000000000
0000000000000000000000000000000000000000000000000000000000000000
0000000000000000000000000000000000000000000000000000000000000000
0000000000000000000000000000000000000000000000000000000000000000
0000000000000000000000000000000000000000000000000000000000000000
0000000000000000000000000000000000000000000000000000000000000000
0000000000000000000000000000000000000000000000000000000000000000
0000000000000000000000000000000000000000000000000000000000000000
0000000000000000000000000000000000000000000000000000000000000000
0000000000000000000000000000000000000000000000000000000000000000
0000000000000000000000000000000000000000000000000000000000000000
0000000000000000000000000000000000000000000000000000000000000000
0000000000000000000000000000000000000000000000000000000000000000
0000000000000000000000000000000000000000000000000000000000000000
0000000000000000000000000000000000000000000000000000000000000000
0000000000000000000000000000000000000000000000000000000000000000
0000000000000000000000000000000000000000000000000000000000000000
0000000000000000000000000000000000000000000000000000000000000000
0000000000000000000000000000000000000000000000000000000000000000
0000000000000000000000000000000000000000000000000000000000000000
0000000000000000000000000000000000000000000000000000000000000000
0000000000000000000000000000000000000000000000000000000000000000
0000000000000000000000000000000000000000000000000000000000000000
0000000000000000000000000000000000000000000000000000000000000000
0000000000000000000000000000000000000000000000000000000000000000
0000000000000000000000000000000000000000000000000000000000000000
0000000000000000000000000000000000000000000000000000000000000000
0000000000000000000000000000000000000000000000000000000000000000
0000000000000000000000000000000000000000000000000000000000000000
0000000000000000000000000000000000000000000000000000000000000000
0000000000000000000000000000000000000000000000000000000000000000
0000000000000000000000000000000000000000000000000000000000000000
0000000000000000000000000000000000000000000000000000000000000000
0000000000000000000000000000000000000000000000000000000000000000
0000000000000000000000000000000000000000000000000000000000000000
0000000000000000000000000000000000000000000000000000000000000000
0000000000000000000000000000000000000000000000000000000000000000
0000000000000000000000000000000000000000000000000000000000000000
0000000000000000000000000000000000000000000000000000000000000000
0000000000000000000000000000000000000000000000000000000000000000
0000000000000000000000000000000000000000000000000000000000000000
0000000000000000000000000000000000000000000000000000000000000000
0000000000000000000000000000000000000000000000000000000000000000
0000000000000000000000000000000000000000000000000000000000000000
0000000000000000000000000000000000000000000000000000000000000000
0000000000000000000000000000000000000000000000000000000000000000
0000000000000000000000000000000000000000000000000000000000000000
0000000000000000000000000000000000000000000000000000000000000000
0000000000000000000000000000000000000000000000000000000000000000
0000000000000000000000000000000000000000000000000000000000000000
0000000000000000000000000000000000000000000000000000000000000000
0000000000000000000000000000000000000000000000000000000000000000
0000000000000000000000000000000000000000000000000000000000000000
0000000000000000000000000000000000000000000000000000000000000000
0000000000000000000000000000000000000000000000000000000000000000
0000000000000000000000000000000000000000000000000000000000000000
0000000000000000000000000000000000000000000000000000000000000000
0000000000000000000000000000000000000000000000000000000000000000
0000000000000000000000000000000000000000000000000000000000000000
0000000000000000000000000000000000000000000000000000000000000000
0000000000000000000000000000000000000000000000000000000000000000
0000000000000000000000000000000000000000000000000000000000000000
0000000000000000000000000000000000000000000000000000000000000000
0000000000000000000000000000000000000000000000000000000000000000
0000000000000000000000000000000000000000000000000000000000000000
0000000000000000000000000000000000000000000000000000000000000000
0000000000000000000000000000000000000000000000000000000000000000
0000000000000000000000000000000000000000000000000000000000000000
0000000000000000000000000000000000000000000000000000000000000000
0000000000000000000000000000000000000000000000000000000000000000
0000000000000000000000000000000000000000000000000000000000000000
0000000000000000000000000000000000000000000000000000000000000000
0000000000000000000000000000000000000000000000000000000000000000
0000000000000000000000000000000000000000000000000000000000000000
0000000000000000000000000000000000000000000000000000000000000000
0000000000000000000000000000000000000000000000000000000000000000
0000000000000000000000000000000000000000000000000000000000000000
0000000000000000000000000000000000000000000000000000000000000000
0000000000000000000000000000000000000000000000000000000000000000
0000000000000000000000000000000000000000000000000000000000000000
0000000000000000000000000000000000000000000000000000000000000000
0000000000000000000000000000000000000000000000000000000000000000
